205 244
58 59 14
21 22 19
54 55 85
17 18 57
67 68 15
30 31 70
63 64 12
26 27 15
185 186 34
187 188 44
51 52 31
14 15 31
81 82 84
80 81 23
44 81 18
79 80 51
78 79 74
76 77 81
77 78 75
103 105 52
102 103 22
97 103 87
101 102 75
100 101 53
98 99 74
99 100 11
106 107 61
95 110 30
94 95 78
89 95 54
93 94 43
92 93 36
90 91 90
91 92 100
137 138 97
136 137 85
129 137 43
135 136 71
134 135 17
132 133 52
133 134 96
139 140 76
114 115 65
117 118 50
118 119 28
116 117 98
115 116 51
120 121 35
127 128 18
126 127 70
121 127 66
125 126 87
124 125 30
122 123 32
123 124 36
182 183 89
181 182 22
180 181 39
157 158 63
156 157 94
155 156 26
159 160 22
166 167 34
166 168 0
165 166 78
160 166 52
164 165 95
163 164 22
161 162 74
162 163 30
178 179 83
177 178 28
176 177 48
191 194 35
0 4 65
1 5 57
2 6 83
3 7 30
197 5 80
197 7 0
195 196 17
48 49 72
47 48 70
11 12 83
10 11 39
45 46 98
72 73 10
8 9 93
35 36 95
143 144 88
147 148 83
152 153 46
173 174 24
61 62 47
70 71 66
24 25 84
33 34 58
96 97 58
105 106 23
138 139 76
141 142 43
119 120 22
128 142 100
158 159 28
167 168 90
190 191 92
183 184 70
179 185 41
57 61 20
66 70 41
20 24 15
29 33 98
73 74 42
74 75 36
36 37 69
37 38 36
144 145 67
145 146 78
148 149 70
149 150 42
169 170 11
170 171 24
49 50 51
59 60 91
55 56 12
62 63 18
62 66 0
62 67 0
62 71 0
68 69 64
64 65 86
71 72 13
12 13 67
22 23 52
18 19 36
25 26 89
25 29 0
25 30 0
25 34 0
31 32 68
27 28 27
34 35 58
109 110 95
110 111 18
111 112 74
154 155 64
154 180 0
175 176 51
50 51 85
56 57 68
65 66 61
13 14 90
19 20 22
28 29 58
52 53 85
15 16 61
107 109 24
88 89 57
131 132 21
131 138 0
140 141 24
140 142 0
194 195 75
113 114 74
113 130 0
82 83 58
84 85 37
84 112 0
83 84 91
86 113 84
112 113 35
85 86 36
130 131 35
142 143 63
142 151 0
142 161 0
142 168 0
142 172 0
151 152 78
168 169 84
172 173 73
9 10 75
46 47 72
186 187 17
186 189 0
192 193 19
60 61 90
69 70 47
23 24 57
32 33 42
108 109 94
87 88 35
153 154 51
174 175 98
189 190 61
193 195 15
39 40 88
39 87 0
39 96 0
39 129 0
43 44 30
42 43 50
40 41 56
41 42 83
198 4 32
198 6 0
199 1 91
200 0 66
5 45 76
4 53 62
7 8 63
6 16 12
188 203 55
75 76 90
75 90 0
75 98 0
75 104 0
75 108 0
75 119 0
75 122 0
75 128 0
75 141 0
75 142 0
38 39 48
104 105 69
146 147 35
150 151 25
150 158 0
150 167 0
150 168 0
171 172 73
201 3 96
202 2 97
53 54 16
53 57 0
53 58 0
53 62 0
16 17 98
16 20 0
16 21 0
16 25 0
184 192 27
184 185 0
196 204 57
