205 244
58 59 4194304
21 22 1048576
54 55 4194304
17 18 7340032
67 68 1048576
30 31 1048576
63 64 1048576
26 27 2097152
185 186 5242880
187 188 1048576
51 52 7340032
14 15 7340032
81 82 6291456
80 81 5242880
44 81 1048576
79 80 6291456
78 79 1048576
76 77 2097152
77 78 6291456
103 105 3145728
102 103 5242880
97 103 6291456
101 102 7340032
100 101 6291456
98 99 6291456
99 100 6291456
106 107 2097152
95 110 6291456
94 95 3145728
89 95 3145728
93 94 6291456
92 93 1048576
90 91 5242880
91 92 3145728
137 138 5242880
136 137 6291456
129 137 5242880
135 136 2097152
134 135 3145728
132 133 5242880
133 134 1048576
139 140 1048576
114 115 5242880
117 118 4194304
118 119 2097152
116 117 4194304
115 116 2097152
120 121 1048576
127 128 5242880
126 127 7340032
121 127 1048576
125 126 3145728
124 125 6291456
122 123 7340032
123 124 1048576
182 183 1048576
181 182 3145728
180 181 3145728
157 158 3145728
156 157 7340032
155 156 4194304
159 160 1048576
166 167 1048576
166 168 0
165 166 3145728
160 166 1048576
164 165 7340032
163 164 6291456
161 162 6291456
162 163 1048576
178 179 7340032
177 178 5242880
176 177 1048576
191 194 5242880
0 4 4194304
1 5 7340032
2 6 6291456
3 7 1048576
197 5 5242880
197 7 0
195 196 2097152
48 49 3145728
47 48 2097152
11 12 4194304
10 11 1048576
45 46 4194304
72 73 5242880
8 9 7340032
35 36 2097152
143 144 1048576
147 148 1048576
152 153 6291456
173 174 1048576
61 62 5242880
70 71 1048576
24 25 2097152
33 34 1048576
96 97 7340032
105 106 5242880
138 139 2097152
141 142 1048576
119 120 4194304
128 142 1048576
158 159 2097152
167 168 6291456
190 191 2097152
183 184 1048576
179 185 5242880
57 61 6291456
66 70 3145728
20 24 3145728
29 33 4194304
73 74 6291456
74 75 7340032
36 37 2097152
37 38 7340032
144 145 3145728
145 146 7340032
148 149 4194304
149 150 6291456
169 170 3145728
170 171 7340032
49 50 7340032
59 60 5242880
55 56 2097152
62 63 1048576
62 66 0
62 67 0
62 71 0
68 69 7340032
64 65 6291456
71 72 7340032
12 13 1048576
22 23 4194304
18 19 1048576
25 26 6291456
25 29 0
25 30 0
25 34 0
31 32 4194304
27 28 2097152
34 35 7340032
109 110 3145728
110 111 6291456
111 112 1048576
154 155 4194304
154 180 0
175 176 7340032
50 51 5242880
56 57 1048576
65 66 1048576
13 14 3145728
19 20 3145728
28 29 5242880
52 53 7340032
15 16 6291456
107 109 1048576
88 89 1048576
131 132 7340032
131 138 0
140 141 1048576
140 142 0
194 195 5242880
113 114 3145728
113 130 0
82 83 5242880
84 85 1048576
84 112 0
83 84 5242880
86 113 7340032
112 113 1048576
85 86 1048576
130 131 4194304
142 143 2097152
142 151 0
142 161 0
142 168 0
142 172 0
151 152 4194304
168 169 1048576
172 173 3145728
9 10 1048576
46 47 6291456
186 187 6291456
186 189 0
192 193 7340032
60 61 3145728
69 70 7340032
23 24 5242880
32 33 5242880
108 109 3145728
87 88 1048576
153 154 4194304
174 175 1048576
189 190 7340032
193 195 1048576
39 40 1048576
39 87 0
39 96 0
39 129 0
43 44 1048576
42 43 5242880
40 41 7340032
41 42 6291456
198 4 1048576
198 6 0
199 1 1048576
200 0 1048576
5 45 1048576
4 53 3145728
7 8 2097152
6 16 7340032
188 203 7340032
75 76 6291456
75 90 0
75 98 0
75 104 0
75 108 0
75 119 0
75 122 0
75 128 0
75 141 0
75 142 0
38 39 4194304
104 105 5242880
146 147 3145728
150 151 4194304
150 158 0
150 167 0
150 168 0
171 172 1048576
201 3 7340032
202 2 2097152
53 54 2097152
53 57 0
53 58 0
53 62 0
16 17 1048576
16 20 0
16 21 0
16 25 0
184 192 5242880
184 185 7340032
196 204 1048576
