205 244
58 59 75
21 22 90
54 55 94
17 18 57
67 68 35
30 31 11
63 64 82
26 27 72
185 186 55
187 188 20
51 52 78
14 15 69
81 82 69
80 81 88
44 81 98
79 80 48
78 79 75
76 77 59
77 78 46
103 105 80
102 103 31
97 103 78
101 102 38
100 101 29
98 99 85
99 100 95
106 107 82
95 110 25
94 95 89
89 95 96
93 94 52
92 93 92
90 91 34
91 92 52
137 138 97
136 137 93
129 137 36
135 136 68
134 135 52
132 133 45
133 134 32
139 140 64
114 115 26
117 118 49
118 119 27
116 117 77
115 116 53
120 121 30
127 128 22
126 127 43
121 127 69
125 126 24
124 125 26
122 123 77
123 124 68
182 183 77
181 182 10
180 181 17
157 158 39
156 157 33
155 156 76
159 160 38
166 167 65
166 168 0
165 166 28
160 166 40
164 165 71
163 164 82
161 162 51
162 163 30
178 179 80
177 178 45
176 177 21
191 194 27
0 4 84
1 5 64
2 6 43
3 7 94
197 5 20
197 7 0
195 196 26
48 49 69
47 48 45
11 12 24
10 11 75
45 46 60
72 73 11
8 9 18
35 36 32
143 144 64
147 148 62
152 153 50
173 174 83
61 62 73
70 71 46
24 25 99
33 34 83
96 97 56
105 106 10
138 139 94
141 142 29
119 120 36
128 142 56
158 159 90
167 168 85
190 191 29
183 184 42
179 185 31
57 61 71
66 70 75
20 24 15
29 33 89
73 74 76
74 75 79
36 37 50
37 38 26
144 145 86
145 146 74
148 149 42
149 150 94
169 170 13
170 171 56
49 50 100
59 60 84
55 56 54
62 63 67
62 66 0
62 67 0
62 71 0
68 69 73
64 65 61
71 72 74
12 13 33
22 23 22
18 19 95
25 26 44
25 29 0
25 30 0
25 34 0
31 32 100
27 28 12
34 35 71
109 110 83
110 111 17
111 112 29
154 155 48
154 180 0
175 176 79
50 51 46
56 57 14
65 66 62
13 14 75
19 20 63
28 29 54
52 53 13
15 16 15
107 109 98
88 89 10
131 132 47
131 138 0
140 141 72
140 142 0
194 195 51
113 114 14
113 130 0
82 83 43
84 85 12
84 112 0
83 84 100
86 113 39
112 113 33
85 86 76
130 131 74
142 143 79
142 151 0
142 161 0
142 168 0
142 172 0
151 152 88
168 169 55
172 173 100
9 10 100
46 47 60
186 187 86
186 189 0
192 193 34
60 61 32
69 70 29
23 24 79
32 33 51
108 109 90
87 88 56
153 154 13
174 175 55
189 190 92
193 195 67
39 40 41
39 87 0
39 96 0
39 129 0
43 44 82
42 43 24
40 41 22
41 42 66
198 4 18
198 6 0
199 1 18
200 0 83
5 45 27
4 53 22
7 8 31
6 16 17
188 203 23
75 76 64
75 90 0
75 98 0
75 104 0
75 108 0
75 119 0
75 122 0
75 128 0
75 141 0
75 142 0
38 39 85
104 105 97
146 147 37
150 151 77
150 158 0
150 167 0
150 168 0
171 172 81
201 3 76
202 2 20
53 54 28
53 57 0
53 58 0
53 62 0
16 17 36
16 20 0
16 21 0
16 25 0
184 192 95
184 185 0
196 204 81
