205 244
58 59 1048576
21 22 1048576
54 55 3145728
17 18 1048576
67 68 4194304
30 31 7340032
63 64 5242880
26 27 6291456
185 186 1048576
187 188 6291456
51 52 2097152
14 15 2097152
81 82 1048576
80 81 1048576
44 81 6291456
79 80 5242880
78 79 2097152
76 77 2097152
77 78 2097152
103 105 6291456
102 103 4194304
97 103 4194304
101 102 1048576
100 101 6291456
98 99 1048576
99 100 1048576
106 107 4194304
95 110 4194304
94 95 4194304
89 95 3145728
93 94 4194304
92 93 3145728
90 91 3145728
91 92 7340032
137 138 7340032
136 137 6291456
129 137 3145728
135 136 6291456
134 135 2097152
132 133 4194304
133 134 1048576
139 140 5242880
114 115 7340032
117 118 1048576
118 119 3145728
116 117 2097152
115 116 6291456
120 121 3145728
127 128 5242880
126 127 3145728
121 127 6291456
125 126 2097152
124 125 2097152
122 123 5242880
123 124 7340032
182 183 5242880
181 182 4194304
180 181 5242880
157 158 2097152
156 157 4194304
155 156 7340032
159 160 2097152
166 167 1048576
166 168 0
165 166 1048576
160 166 5242880
164 165 3145728
163 164 1048576
161 162 2097152
162 163 7340032
178 179 7340032
177 178 6291456
176 177 1048576
191 194 1048576
0 4 4194304
1 5 7340032
2 6 7340032
3 7 1048576
197 5 1048576
197 7 0
195 196 5242880
48 49 3145728
47 48 4194304
11 12 1048576
10 11 5242880
45 46 1048576
72 73 1048576
8 9 2097152
35 36 2097152
143 144 5242880
147 148 6291456
152 153 5242880
173 174 4194304
61 62 1048576
70 71 1048576
24 25 3145728
33 34 1048576
96 97 2097152
105 106 5242880
138 139 2097152
141 142 3145728
119 120 6291456
128 142 6291456
158 159 4194304
167 168 2097152
190 191 3145728
183 184 2097152
179 185 5242880
57 61 1048576
66 70 1048576
20 24 7340032
29 33 1048576
73 74 1048576
74 75 1048576
36 37 3145728
37 38 7340032
144 145 3145728
145 146 4194304
148 149 4194304
149 150 6291456
169 170 2097152
170 171 7340032
49 50 6291456
59 60 5242880
55 56 2097152
62 63 1048576
62 66 0
62 67 0
62 71 0
68 69 6291456
64 65 1048576
71 72 3145728
12 13 1048576
22 23 1048576
18 19 5242880
25 26 7340032
25 29 0
25 30 0
25 34 0
31 32 3145728
27 28 7340032
34 35 5242880
109 110 7340032
110 111 1048576
111 112 7340032
154 155 7340032
154 180 0
175 176 1048576
50 51 5242880
56 57 6291456
65 66 6291456
13 14 1048576
19 20 1048576
28 29 7340032
52 53 7340032
15 16 3145728
107 109 4194304
88 89 4194304
131 132 4194304
131 138 0
140 141 6291456
140 142 0
194 195 3145728
113 114 1048576
113 130 0
82 83 7340032
84 85 7340032
84 112 0
83 84 7340032
86 113 1048576
112 113 7340032
85 86 2097152
130 131 5242880
142 143 5242880
142 151 0
142 161 0
142 168 0
142 172 0
151 152 1048576
168 169 1048576
172 173 6291456
9 10 6291456
46 47 1048576
186 187 2097152
186 189 0
192 193 3145728
60 61 3145728
69 70 1048576
23 24 1048576
32 33 2097152
108 109 7340032
87 88 5242880
153 154 2097152
174 175 3145728
189 190 4194304
193 195 4194304
39 40 5242880
39 87 0
39 96 0
39 129 0
43 44 5242880
42 43 7340032
40 41 5242880
41 42 6291456
198 4 1048576
198 6 0
199 1 4194304
200 0 6291456
5 45 3145728
4 53 2097152
7 8 7340032
6 16 2097152
188 203 6291456
75 76 6291456
75 90 0
75 98 0
75 104 0
75 108 0
75 119 0
75 122 0
75 128 0
75 141 0
75 142 0
38 39 1048576
104 105 2097152
146 147 3145728
150 151 4194304
150 158 0
150 167 0
150 168 0
171 172 6291456
201 3 4194304
202 2 3145728
53 54 7340032
53 57 0
53 58 0
53 62 0
16 17 5242880
16 20 0
16 21 0
16 25 0
184 192 4194304
184 185 6291456
196 204 4194304
