205 244
58 59 23
21 22 29
54 55 32
17 18 51
67 68 59
30 31 68
63 64 35
26 27 47
185 186 63
187 188 32
51 52 98
14 15 22
81 82 46
80 81 92
44 81 12
79 80 86
78 79 44
76 77 94
77 78 33
103 105 81
102 103 18
97 103 66
101 102 46
100 101 21
98 99 82
99 100 53
106 107 78
95 110 68
94 95 88
89 95 59
93 94 17
92 93 43
90 91 22
91 92 76
137 138 21
136 137 49
129 137 93
135 136 42
134 135 40
132 133 99
133 134 65
139 140 61
114 115 53
117 118 25
118 119 77
116 117 76
115 116 76
120 121 71
127 128 53
126 127 55
121 127 49
125 126 74
124 125 10
122 123 17
123 124 42
182 183 19
181 182 60
180 181 45
157 158 17
156 157 74
155 156 20
159 160 72
166 167 84
166 168 0
165 166 100
160 166 84
164 165 62
163 164 87
161 162 70
162 163 76
178 179 15
177 178 66
176 177 58
191 194 22
0 4 34
1 5 13
2 6 83
3 7 84
197 5 53
197 7 0
195 196 34
48 49 95
47 48 88
11 12 99
10 11 92
45 46 97
72 73 54
8 9 50
35 36 32
143 144 92
147 148 27
152 153 19
173 174 31
61 62 20
70 71 28
24 25 97
33 34 63
96 97 58
105 106 19
138 139 93
141 142 70
119 120 65
128 142 69
158 159 98
167 168 43
190 191 83
183 184 48
179 185 66
57 61 60
66 70 48
20 24 35
29 33 64
73 74 25
74 75 25
36 37 18
37 38 45
144 145 64
145 146 84
148 149 95
149 150 29
169 170 34
170 171 24
49 50 26
59 60 36
55 56 100
62 63 47
62 66 0
62 67 0
62 71 0
68 69 81
64 65 100
71 72 99
12 13 50
22 23 99
18 19 11
25 26 89
25 29 0
25 30 0
25 34 0
31 32 28
27 28 49
34 35 44
109 110 65
110 111 67
111 112 65
154 155 37
154 180 0
175 176 77
50 51 56
56 57 90
65 66 59
13 14 10
19 20 58
28 29 41
52 53 30
15 16 44
107 109 62
88 89 39
131 132 56
131 138 0
140 141 64
140 142 0
194 195 68
113 114 14
113 130 0
82 83 81
84 85 35
84 112 0
83 84 90
86 113 68
112 113 48
85 86 44
130 131 53
142 143 21
142 151 0
142 161 0
142 168 0
142 172 0
151 152 78
168 169 33
172 173 98
9 10 99
46 47 94
186 187 34
186 189 0
192 193 63
60 61 23
69 70 65
23 24 76
32 33 43
108 109 11
87 88 22
153 154 78
174 175 92
189 190 75
193 195 80
39 40 29
39 87 0
39 96 0
39 129 0
43 44 80
42 43 98
40 41 39
41 42 66
198 4 81
198 6 0
199 1 78
200 0 54
5 45 48
4 53 27
7 8 86
6 16 91
188 203 96
75 76 55
75 90 0
75 98 0
75 104 0
75 108 0
75 119 0
75 122 0
75 128 0
75 141 0
75 142 0
38 39 21
104 105 49
146 147 35
150 151 95
150 158 0
150 167 0
150 168 0
171 172 92
201 3 32
202 2 25
53 54 68
53 57 0
53 58 0
53 62 0
16 17 10
16 20 0
16 21 0
16 25 0
184 192 11
184 185 0
196 204 66
