205 244
58 59 4194304
21 22 3145728
54 55 2097152
17 18 4194304
67 68 5242880
30 31 1048576
63 64 5242880
26 27 5242880
185 186 1048576
187 188 4194304
51 52 3145728
14 15 1048576
81 82 5242880
80 81 3145728
44 81 1048576
79 80 5242880
78 79 5242880
76 77 1048576
77 78 7340032
103 105 2097152
102 103 2097152
97 103 2097152
101 102 4194304
100 101 1048576
98 99 3145728
99 100 6291456
106 107 4194304
95 110 6291456
94 95 2097152
89 95 7340032
93 94 7340032
92 93 4194304
90 91 1048576
91 92 5242880
137 138 4194304
136 137 1048576
129 137 5242880
135 136 7340032
134 135 7340032
132 133 2097152
133 134 1048576
139 140 1048576
114 115 6291456
117 118 1048576
118 119 6291456
116 117 7340032
115 116 6291456
120 121 1048576
127 128 7340032
126 127 2097152
121 127 7340032
125 126 1048576
124 125 6291456
122 123 7340032
123 124 4194304
182 183 7340032
181 182 7340032
180 181 2097152
157 158 4194304
156 157 6291456
155 156 6291456
159 160 2097152
166 167 2097152
166 168 0
165 166 6291456
160 166 1048576
164 165 4194304
163 164 3145728
161 162 4194304
162 163 7340032
178 179 1048576
177 178 1048576
176 177 5242880
191 194 3145728
0 4 6291456
1 5 7340032
2 6 5242880
3 7 5242880
197 5 1048576
197 7 0
195 196 2097152
48 49 4194304
47 48 3145728
11 12 2097152
10 11 1048576
45 46 1048576
72 73 1048576
8 9 1048576
35 36 2097152
143 144 5242880
147 148 4194304
152 153 1048576
173 174 2097152
61 62 5242880
70 71 1048576
24 25 1048576
33 34 5242880
96 97 1048576
105 106 1048576
138 139 5242880
141 142 1048576
119 120 1048576
128 142 3145728
158 159 6291456
167 168 5242880
190 191 6291456
183 184 2097152
179 185 2097152
57 61 7340032
66 70 7340032
20 24 7340032
29 33 4194304
73 74 1048576
74 75 7340032
36 37 3145728
37 38 2097152
144 145 5242880
145 146 3145728
148 149 4194304
149 150 1048576
169 170 7340032
170 171 6291456
49 50 4194304
59 60 1048576
55 56 1048576
62 63 6291456
62 66 0
62 67 0
62 71 0
68 69 5242880
64 65 2097152
71 72 3145728
12 13 5242880
22 23 2097152
18 19 4194304
25 26 7340032
25 29 0
25 30 0
25 34 0
31 32 6291456
27 28 4194304
34 35 4194304
109 110 2097152
110 111 3145728
111 112 3145728
154 155 1048576
154 180 0
175 176 5242880
50 51 7340032
56 57 1048576
65 66 2097152
13 14 7340032
19 20 4194304
28 29 6291456
52 53 7340032
15 16 4194304
107 109 6291456
88 89 2097152
131 132 5242880
131 138 0
140 141 6291456
140 142 0
194 195 7340032
113 114 4194304
113 130 0
82 83 1048576
84 85 7340032
84 112 0
83 84 3145728
86 113 3145728
112 113 7340032
85 86 3145728
130 131 6291456
142 143 4194304
142 151 0
142 161 0
142 168 0
142 172 0
151 152 5242880
168 169 2097152
172 173 1048576
9 10 4194304
46 47 1048576
186 187 3145728
186 189 0
192 193 4194304
60 61 3145728
69 70 7340032
23 24 6291456
32 33 1048576
108 109 1048576
87 88 1048576
153 154 5242880
174 175 5242880
189 190 5242880
193 195 1048576
39 40 4194304
39 87 0
39 96 0
39 129 0
43 44 3145728
42 43 7340032
40 41 6291456
41 42 1048576
198 4 4194304
198 6 0
199 1 3145728
200 0 5242880
5 45 6291456
4 53 5242880
7 8 5242880
6 16 6291456
188 203 7340032
75 76 2097152
75 90 0
75 98 0
75 104 0
75 108 0
75 119 0
75 122 0
75 128 0
75 141 0
75 142 0
38 39 1048576
104 105 5242880
146 147 3145728
150 151 6291456
150 158 0
150 167 0
150 168 0
171 172 1048576
201 3 1048576
202 2 7340032
53 54 2097152
53 57 0
53 58 0
53 62 0
16 17 2097152
16 20 0
16 21 0
16 25 0
184 192 1048576
184 185 4194304
196 204 4194304
