205 244
58 59 99
21 22 76
54 55 43
17 18 78
67 68 32
30 31 61
63 64 28
26 27 50
185 186 45
187 188 60
51 52 25
14 15 73
81 82 70
80 81 78
44 81 33
79 80 28
78 79 39
76 77 74
77 78 32
103 105 47
102 103 42
97 103 46
101 102 12
100 101 38
98 99 66
99 100 27
106 107 26
95 110 90
94 95 10
89 95 17
93 94 73
92 93 68
90 91 40
91 92 38
137 138 81
136 137 70
129 137 46
135 136 81
134 135 61
132 133 60
133 134 20
139 140 72
114 115 87
117 118 59
118 119 74
116 117 79
115 116 18
120 121 70
127 128 63
126 127 30
121 127 58
125 126 15
124 125 67
122 123 87
123 124 42
182 183 18
181 182 99
180 181 65
157 158 42
156 157 82
155 156 58
159 160 49
166 167 23
166 168 0
165 166 40
160 166 48
164 165 89
163 164 28
161 162 53
162 163 27
178 179 19
177 178 26
176 177 61
191 194 26
0 4 79
1 5 27
2 6 48
3 7 30
197 5 46
197 7 0
195 196 83
48 49 23
47 48 98
11 12 55
10 11 88
45 46 86
72 73 85
8 9 24
35 36 97
143 144 85
147 148 37
152 153 92
173 174 42
61 62 44
70 71 32
24 25 53
33 34 80
96 97 12
105 106 97
138 139 67
141 142 83
119 120 46
128 142 52
158 159 54
167 168 44
190 191 63
183 184 82
179 185 34
57 61 76
66 70 62
20 24 27
29 33 65
73 74 39
74 75 84
36 37 17
37 38 86
144 145 17
145 146 58
148 149 11
149 150 75
169 170 41
170 171 47
49 50 90
59 60 22
55 56 35
62 63 78
62 66 0
62 67 0
62 71 0
68 69 82
64 65 10
71 72 80
12 13 64
22 23 99
18 19 60
25 26 65
25 29 0
25 30 0
25 34 0
31 32 50
27 28 57
34 35 79
109 110 72
110 111 78
111 112 71
154 155 85
154 180 0
175 176 53
50 51 50
56 57 85
65 66 74
13 14 14
19 20 67
28 29 82
52 53 11
15 16 33
107 109 17
88 89 100
131 132 69
131 138 0
140 141 55
140 142 0
194 195 34
113 114 46
113 130 0
82 83 42
84 85 29
84 112 0
83 84 10
86 113 51
112 113 48
85 86 58
130 131 47
142 143 48
142 151 0
142 161 0
142 168 0
142 172 0
151 152 96
168 169 100
172 173 24
9 10 84
46 47 70
186 187 73
186 189 0
192 193 85
60 61 50
69 70 69
23 24 42
32 33 30
108 109 82
87 88 66
153 154 53
174 175 42
189 190 38
193 195 35
39 40 91
39 87 0
39 96 0
39 129 0
43 44 74
42 43 99
40 41 44
41 42 99
198 4 93
198 6 0
199 1 14
200 0 99
5 45 97
4 53 72
7 8 44
6 16 45
188 203 98
75 76 73
75 90 0
75 98 0
75 104 0
75 108 0
75 119 0
75 122 0
75 128 0
75 141 0
75 142 0
38 39 68
104 105 91
146 147 74
150 151 90
150 158 0
150 167 0
150 168 0
171 172 79
201 3 32
202 2 20
53 54 61
53 57 0
53 58 0
53 62 0
16 17 16
16 20 0
16 21 0
16 25 0
184 192 68
184 185 0
196 204 71
