205 244
58 59 2097152
21 22 1048576
54 55 1048576
17 18 3145728
67 68 7340032
30 31 5242880
63 64 4194304
26 27 4194304
185 186 2097152
187 188 1048576
51 52 4194304
14 15 5242880
81 82 1048576
80 81 4194304
44 81 2097152
79 80 6291456
78 79 1048576
76 77 2097152
77 78 7340032
103 105 7340032
102 103 7340032
97 103 1048576
101 102 5242880
100 101 1048576
98 99 7340032
99 100 4194304
106 107 1048576
95 110 1048576
94 95 4194304
89 95 6291456
93 94 4194304
92 93 5242880
90 91 1048576
91 92 1048576
137 138 1048576
136 137 3145728
129 137 3145728
135 136 7340032
134 135 6291456
132 133 1048576
133 134 5242880
139 140 1048576
114 115 4194304
117 118 1048576
118 119 1048576
116 117 3145728
115 116 5242880
120 121 7340032
127 128 1048576
126 127 4194304
121 127 1048576
125 126 6291456
124 125 5242880
122 123 2097152
123 124 4194304
182 183 7340032
181 182 3145728
180 181 5242880
157 158 7340032
156 157 3145728
155 156 1048576
159 160 2097152
166 167 2097152
166 168 0
165 166 1048576
160 166 2097152
164 165 5242880
163 164 3145728
161 162 1048576
162 163 1048576
178 179 7340032
177 178 2097152
176 177 2097152
191 194 5242880
0 4 7340032
1 5 1048576
2 6 5242880
3 7 6291456
197 5 6291456
197 7 0
195 196 1048576
48 49 4194304
47 48 7340032
11 12 4194304
10 11 6291456
45 46 1048576
72 73 7340032
8 9 2097152
35 36 1048576
143 144 5242880
147 148 1048576
152 153 4194304
173 174 4194304
61 62 7340032
70 71 6291456
24 25 3145728
33 34 3145728
96 97 3145728
105 106 6291456
138 139 7340032
141 142 6291456
119 120 2097152
128 142 7340032
158 159 2097152
167 168 1048576
190 191 3145728
183 184 1048576
179 185 1048576
57 61 4194304
66 70 5242880
20 24 1048576
29 33 4194304
73 74 1048576
74 75 7340032
36 37 4194304
37 38 2097152
144 145 6291456
145 146 6291456
148 149 7340032
149 150 3145728
169 170 1048576
170 171 1048576
49 50 5242880
59 60 5242880
55 56 2097152
62 63 4194304
62 66 0
62 67 0
62 71 0
68 69 1048576
64 65 2097152
71 72 3145728
12 13 2097152
22 23 4194304
18 19 5242880
25 26 5242880
25 29 0
25 30 0
25 34 0
31 32 6291456
27 28 1048576
34 35 3145728
109 110 2097152
110 111 6291456
111 112 1048576
154 155 2097152
154 180 0
175 176 6291456
50 51 7340032
56 57 1048576
65 66 7340032
13 14 2097152
19 20 1048576
28 29 5242880
52 53 6291456
15 16 4194304
107 109 1048576
88 89 7340032
131 132 7340032
131 138 0
140 141 2097152
140 142 0
194 195 2097152
113 114 1048576
113 130 0
82 83 2097152
84 85 3145728
84 112 0
83 84 2097152
86 113 4194304
112 113 2097152
85 86 2097152
130 131 5242880
142 143 2097152
142 151 0
142 161 0
142 168 0
142 172 0
151 152 6291456
168 169 1048576
172 173 7340032
9 10 1048576
46 47 1048576
186 187 4194304
186 189 0
192 193 1048576
60 61 1048576
69 70 7340032
23 24 4194304
32 33 3145728
108 109 5242880
87 88 3145728
153 154 5242880
174 175 7340032
189 190 6291456
193 195 6291456
39 40 7340032
39 87 0
39 96 0
39 129 0
43 44 4194304
42 43 3145728
40 41 2097152
41 42 1048576
198 4 6291456
198 6 0
199 1 4194304
200 0 1048576
5 45 1048576
4 53 4194304
7 8 1048576
6 16 7340032
188 203 5242880
75 76 2097152
75 90 0
75 98 0
75 104 0
75 108 0
75 119 0
75 122 0
75 128 0
75 141 0
75 142 0
38 39 2097152
104 105 6291456
146 147 2097152
150 151 3145728
150 158 0
150 167 0
150 168 0
171 172 2097152
201 3 1048576
202 2 1048576
53 54 3145728
53 57 0
53 58 0
53 62 0
16 17 4194304
16 20 0
16 21 0
16 25 0
184 192 2097152
184 185 1048576
196 204 1048576
