205 244
58 59 94
21 22 43
54 55 56
17 18 67
67 68 59
30 31 44
63 64 94
26 27 61
185 186 81
187 188 86
51 52 78
14 15 56
81 82 52
80 81 28
44 81 74
79 80 10
78 79 72
76 77 64
77 78 28
103 105 55
102 103 25
97 103 85
101 102 84
100 101 53
98 99 75
99 100 15
106 107 49
95 110 64
94 95 36
89 95 42
93 94 28
92 93 86
90 91 46
91 92 64
137 138 60
136 137 38
129 137 91
135 136 90
134 135 77
132 133 87
133 134 34
139 140 75
114 115 50
117 118 87
118 119 98
116 117 41
115 116 42
120 121 46
127 128 39
126 127 42
121 127 57
125 126 54
124 125 81
122 123 76
123 124 72
182 183 19
181 182 54
180 181 71
157 158 77
156 157 20
155 156 62
159 160 97
166 167 38
166 168 0
165 166 21
160 166 36
164 165 21
163 164 47
161 162 25
162 163 10
178 179 17
177 178 43
176 177 100
191 194 87
0 4 59
1 5 52
2 6 40
3 7 67
197 5 58
197 7 0
195 196 65
48 49 44
47 48 59
11 12 88
10 11 45
45 46 85
72 73 86
8 9 64
35 36 67
143 144 17
147 148 48
152 153 84
173 174 39
61 62 63
70 71 97
24 25 23
33 34 11
96 97 51
105 106 16
138 139 60
141 142 13
119 120 49
128 142 37
158 159 54
167 168 46
190 191 21
183 184 24
179 185 27
57 61 10
66 70 38
20 24 35
29 33 11
73 74 46
74 75 18
36 37 85
37 38 80
144 145 78
145 146 80
148 149 11
149 150 63
169 170 73
170 171 31
49 50 85
59 60 47
55 56 76
62 63 75
62 66 0
62 67 0
62 71 0
68 69 88
64 65 67
71 72 59
12 13 28
22 23 79
18 19 66
25 26 19
25 29 0
25 30 0
25 34 0
31 32 88
27 28 79
34 35 30
109 110 36
110 111 29
111 112 12
154 155 88
154 180 0
175 176 97
50 51 11
56 57 66
65 66 36
13 14 87
19 20 36
28 29 17
52 53 69
15 16 81
107 109 24
88 89 71
131 132 33
131 138 0
140 141 87
140 142 0
194 195 99
113 114 70
113 130 0
82 83 55
84 85 67
84 112 0
83 84 10
86 113 79
112 113 90
85 86 63
130 131 36
142 143 20
142 151 0
142 161 0
142 168 0
142 172 0
151 152 27
168 169 100
172 173 94
9 10 30
46 47 17
186 187 94
186 189 0
192 193 65
60 61 76
69 70 78
23 24 67
32 33 65
108 109 49
87 88 93
153 154 31
174 175 19
189 190 87
193 195 44
39 40 79
39 87 0
39 96 0
39 129 0
43 44 59
42 43 100
40 41 15
41 42 64
198 4 77
198 6 0
199 1 78
200 0 30
5 45 97
4 53 35
7 8 46
6 16 40
188 203 90
75 76 42
75 90 0
75 98 0
75 104 0
75 108 0
75 119 0
75 122 0
75 128 0
75 141 0
75 142 0
38 39 26
104 105 18
146 147 68
150 151 40
150 158 0
150 167 0
150 168 0
171 172 99
201 3 30
202 2 15
53 54 56
53 57 0
53 58 0
53 62 0
16 17 58
16 20 0
16 21 0
16 25 0
184 192 59
184 185 0
196 204 17
