205 244
58 59 1048576
21 22 3145728
54 55 7340032
17 18 7340032
67 68 1048576
30 31 5242880
63 64 1048576
26 27 7340032
185 186 3145728
187 188 2097152
51 52 7340032
14 15 6291456
81 82 4194304
80 81 3145728
44 81 2097152
79 80 3145728
78 79 2097152
76 77 3145728
77 78 1048576
103 105 1048576
102 103 1048576
97 103 4194304
101 102 4194304
100 101 1048576
98 99 3145728
99 100 1048576
106 107 4194304
95 110 3145728
94 95 2097152
89 95 7340032
93 94 2097152
92 93 4194304
90 91 5242880
91 92 1048576
137 138 1048576
136 137 1048576
129 137 2097152
135 136 5242880
134 135 4194304
132 133 6291456
133 134 3145728
139 140 7340032
114 115 1048576
117 118 1048576
118 119 7340032
116 117 2097152
115 116 1048576
120 121 7340032
127 128 1048576
126 127 7340032
121 127 5242880
125 126 5242880
124 125 7340032
122 123 3145728
123 124 3145728
182 183 1048576
181 182 1048576
180 181 1048576
157 158 4194304
156 157 2097152
155 156 5242880
159 160 3145728
166 167 2097152
166 168 0
165 166 1048576
160 166 6291456
164 165 4194304
163 164 5242880
161 162 1048576
162 163 5242880
178 179 7340032
177 178 1048576
176 177 5242880
191 194 2097152
0 4 7340032
1 5 3145728
2 6 3145728
3 7 2097152
197 5 3145728
197 7 0
195 196 2097152
48 49 1048576
47 48 7340032
11 12 2097152
10 11 7340032
45 46 1048576
72 73 1048576
8 9 1048576
35 36 1048576
143 144 1048576
147 148 1048576
152 153 5242880
173 174 4194304
61 62 5242880
70 71 1048576
24 25 1048576
33 34 2097152
96 97 2097152
105 106 5242880
138 139 1048576
141 142 6291456
119 120 1048576
128 142 1048576
158 159 6291456
167 168 5242880
190 191 1048576
183 184 6291456
179 185 7340032
57 61 6291456
66 70 2097152
20 24 7340032
29 33 4194304
73 74 3145728
74 75 4194304
36 37 1048576
37 38 7340032
144 145 6291456
145 146 1048576
148 149 2097152
149 150 1048576
169 170 2097152
170 171 4194304
49 50 2097152
59 60 7340032
55 56 6291456
62 63 5242880
62 66 0
62 67 0
62 71 0
68 69 6291456
64 65 7340032
71 72 1048576
12 13 1048576
22 23 1048576
18 19 6291456
25 26 4194304
25 29 0
25 30 0
25 34 0
31 32 6291456
27 28 1048576
34 35 2097152
109 110 6291456
110 111 6291456
111 112 1048576
154 155 5242880
154 180 0
175 176 7340032
50 51 2097152
56 57 7340032
65 66 7340032
13 14 1048576
19 20 2097152
28 29 7340032
52 53 5242880
15 16 1048576
107 109 2097152
88 89 7340032
131 132 2097152
131 138 0
140 141 6291456
140 142 0
194 195 6291456
113 114 1048576
113 130 0
82 83 2097152
84 85 7340032
84 112 0
83 84 1048576
86 113 7340032
112 113 2097152
85 86 1048576
130 131 2097152
142 143 1048576
142 151 0
142 161 0
142 168 0
142 172 0
151 152 1048576
168 169 1048576
172 173 1048576
9 10 3145728
46 47 4194304
186 187 1048576
186 189 0
192 193 1048576
60 61 2097152
69 70 5242880
23 24 1048576
32 33 6291456
108 109 6291456
87 88 6291456
153 154 5242880
174 175 7340032
189 190 3145728
193 195 5242880
39 40 1048576
39 87 0
39 96 0
39 129 0
43 44 3145728
42 43 2097152
40 41 2097152
41 42 2097152
198 4 5242880
198 6 0
199 1 1048576
200 0 3145728
5 45 6291456
4 53 4194304
7 8 2097152
6 16 4194304
188 203 2097152
75 76 2097152
75 90 0
75 98 0
75 104 0
75 108 0
75 119 0
75 122 0
75 128 0
75 141 0
75 142 0
38 39 3145728
104 105 7340032
146 147 1048576
150 151 2097152
150 158 0
150 167 0
150 168 0
171 172 7340032
201 3 6291456
202 2 5242880
53 54 3145728
53 57 0
53 58 0
53 62 0
16 17 5242880
16 20 0
16 21 0
16 25 0
184 192 6291456
184 185 6291456
196 204 1048576
