205 244
58 59 22
21 22 73
54 55 94
17 18 65
67 68 73
30 31 79
63 64 12
26 27 71
185 186 98
187 188 45
51 52 65
14 15 11
81 82 43
80 81 29
44 81 45
79 80 13
78 79 67
76 77 67
77 78 50
103 105 27
102 103 27
97 103 11
101 102 30
100 101 56
98 99 16
99 100 40
106 107 42
95 110 40
94 95 13
89 95 76
93 94 88
92 93 51
90 91 73
91 92 88
137 138 34
136 137 48
129 137 67
135 136 35
134 135 52
132 133 11
133 134 23
139 140 81
114 115 74
117 118 92
118 119 93
116 117 11
115 116 84
120 121 41
127 128 47
126 127 68
121 127 60
125 126 15
124 125 80
122 123 86
123 124 63
182 183 91
181 182 65
180 181 60
157 158 36
156 157 86
155 156 18
159 160 26
166 167 36
166 168 0
165 166 42
160 166 16
164 165 84
163 164 12
161 162 46
162 163 18
178 179 80
177 178 32
176 177 82
191 194 72
0 4 66
1 5 44
2 6 11
3 7 87
197 5 53
197 7 0
195 196 72
48 49 40
47 48 83
11 12 59
10 11 35
45 46 47
72 73 91
8 9 54
35 36 19
143 144 99
147 148 62
152 153 56
173 174 31
61 62 55
70 71 53
24 25 84
33 34 83
96 97 32
105 106 33
138 139 15
141 142 80
119 120 30
128 142 23
158 159 99
167 168 63
190 191 46
183 184 43
179 185 57
57 61 44
66 70 64
20 24 80
29 33 79
73 74 46
74 75 92
36 37 15
37 38 51
144 145 36
145 146 70
148 149 67
149 150 84
169 170 99
170 171 72
49 50 39
59 60 35
55 56 65
62 63 78
62 66 0
62 67 0
62 71 0
68 69 74
64 65 58
71 72 55
12 13 78
22 23 14
18 19 52
25 26 87
25 29 0
25 30 0
25 34 0
31 32 23
27 28 45
34 35 80
109 110 96
110 111 54
111 112 64
154 155 59
154 180 0
175 176 76
50 51 44
56 57 45
65 66 27
13 14 35
19 20 32
28 29 40
52 53 93
15 16 83
107 109 76
88 89 41
131 132 74
131 138 0
140 141 61
140 142 0
194 195 10
113 114 95
113 130 0
82 83 38
84 85 20
84 112 0
83 84 72
86 113 56
112 113 57
85 86 77
130 131 47
142 143 76
142 151 0
142 161 0
142 168 0
142 172 0
151 152 77
168 169 12
172 173 40
9 10 43
46 47 93
186 187 64
186 189 0
192 193 15
60 61 21
69 70 94
23 24 73
32 33 29
108 109 83
87 88 96
153 154 13
174 175 81
189 190 11
193 195 33
39 40 58
39 87 0
39 96 0
39 129 0
43 44 89
42 43 30
40 41 21
41 42 97
198 4 74
198 6 0
199 1 48
200 0 16
5 45 43
4 53 59
7 8 84
6 16 33
188 203 69
75 76 20
75 90 0
75 98 0
75 104 0
75 108 0
75 119 0
75 122 0
75 128 0
75 141 0
75 142 0
38 39 55
104 105 77
146 147 32
150 151 37
150 158 0
150 167 0
150 168 0
171 172 18
201 3 64
202 2 71
53 54 38
53 57 0
53 58 0
53 62 0
16 17 84
16 20 0
16 21 0
16 25 0
184 192 78
184 185 0
196 204 98
