205 244
58 59 5242880
21 22 1048576
54 55 5242880
17 18 4194304
67 68 1048576
30 31 7340032
63 64 1048576
26 27 1048576
185 186 2097152
187 188 4194304
51 52 4194304
14 15 3145728
81 82 4194304
80 81 1048576
44 81 6291456
79 80 3145728
78 79 6291456
76 77 6291456
77 78 5242880
103 105 1048576
102 103 2097152
97 103 6291456
101 102 1048576
100 101 7340032
98 99 1048576
99 100 1048576
106 107 7340032
95 110 1048576
94 95 5242880
89 95 2097152
93 94 3145728
92 93 6291456
90 91 3145728
91 92 5242880
137 138 1048576
136 137 1048576
129 137 2097152
135 136 3145728
134 135 1048576
132 133 4194304
133 134 6291456
139 140 1048576
114 115 3145728
117 118 1048576
118 119 6291456
116 117 5242880
115 116 7340032
120 121 2097152
127 128 2097152
126 127 1048576
121 127 2097152
125 126 3145728
124 125 5242880
122 123 6291456
123 124 1048576
182 183 1048576
181 182 7340032
180 181 6291456
157 158 2097152
156 157 1048576
155 156 4194304
159 160 3145728
166 167 3145728
166 168 0
165 166 5242880
160 166 4194304
164 165 1048576
163 164 1048576
161 162 3145728
162 163 4194304
178 179 7340032
177 178 1048576
176 177 3145728
191 194 4194304
0 4 7340032
1 5 2097152
2 6 4194304
3 7 1048576
197 5 3145728
197 7 0
195 196 2097152
48 49 5242880
47 48 7340032
11 12 6291456
10 11 6291456
45 46 1048576
72 73 1048576
8 9 1048576
35 36 1048576
143 144 7340032
147 148 7340032
152 153 7340032
173 174 5242880
61 62 4194304
70 71 1048576
24 25 7340032
33 34 6291456
96 97 5242880
105 106 3145728
138 139 1048576
141 142 1048576
119 120 1048576
128 142 1048576
158 159 7340032
167 168 2097152
190 191 1048576
183 184 6291456
179 185 1048576
57 61 6291456
66 70 1048576
20 24 7340032
29 33 4194304
73 74 5242880
74 75 1048576
36 37 6291456
37 38 1048576
144 145 2097152
145 146 5242880
148 149 6291456
149 150 5242880
169 170 4194304
170 171 3145728
49 50 2097152
59 60 4194304
55 56 2097152
62 63 7340032
62 66 0
62 67 0
62 71 0
68 69 4194304
64 65 2097152
71 72 1048576
12 13 4194304
22 23 3145728
18 19 6291456
25 26 1048576
25 29 0
25 30 0
25 34 0
31 32 3145728
27 28 3145728
34 35 3145728
109 110 5242880
110 111 1048576
111 112 1048576
154 155 1048576
154 180 0
175 176 7340032
50 51 6291456
56 57 1048576
65 66 2097152
13 14 7340032
19 20 6291456
28 29 3145728
52 53 3145728
15 16 4194304
107 109 5242880
88 89 3145728
131 132 1048576
131 138 0
140 141 5242880
140 142 0
194 195 5242880
113 114 1048576
113 130 0
82 83 7340032
84 85 5242880
84 112 0
83 84 3145728
86 113 5242880
112 113 2097152
85 86 5242880
130 131 4194304
142 143 2097152
142 151 0
142 161 0
142 168 0
142 172 0
151 152 1048576
168 169 5242880
172 173 5242880
9 10 3145728
46 47 4194304
186 187 6291456
186 189 0
192 193 5242880
60 61 2097152
69 70 1048576
23 24 1048576
32 33 5242880
108 109 1048576
87 88 7340032
153 154 6291456
174 175 2097152
189 190 1048576
193 195 1048576
39 40 7340032
39 87 0
39 96 0
39 129 0
43 44 1048576
42 43 5242880
40 41 4194304
41 42 7340032
198 4 7340032
198 6 0
199 1 4194304
200 0 5242880
5 45 1048576
4 53 1048576
7 8 1048576
6 16 6291456
188 203 1048576
75 76 7340032
75 90 0
75 98 0
75 104 0
75 108 0
75 119 0
75 122 0
75 128 0
75 141 0
75 142 0
38 39 1048576
104 105 7340032
146 147 7340032
150 151 1048576
150 158 0
150 167 0
150 168 0
171 172 2097152
201 3 1048576
202 2 4194304
53 54 1048576
53 57 0
53 58 0
53 62 0
16 17 1048576
16 20 0
16 21 0
16 25 0
184 192 2097152
184 185 5242880
196 204 5242880
