174 416
0 3 23
1 13 52
1 66 0
1 70 0
1 116 0
1 145 0
1 171 0
2 18 11
2 29 0
2 37 0
2 114 0
2 116 0
3 27 72
3 120 0
4 13 59
4 30 0
4 84 0
4 122 0
5 95 86
5 119 0
5 124 0
5 136 0
5 147 0
5 156 0
6 7 63
6 11 0
6 29 0
6 32 0
6 73 0
7 39 51
7 71 0
7 72 0
7 117 0
7 157 0
8 16 65
8 143 0
9 30 70
9 100 0
9 103 0
9 114 0
9 116 0
9 125 0
10 14 41
10 63 0
10 66 0
10 85 0
10 99 0
10 131 0
10 145 0
10 173 0
11 19 11
11 30 0
11 50 0
11 51 0
11 101 0
11 110 0
11 121 0
12 45 42
12 60 0
12 69 0
13 64 88
13 131 0
14 28 68
14 45 0
14 111 0
14 114 0
14 116 0
14 161 0
15 42 52
15 47 0
15 128 0
15 139 0
16 50 45
16 60 0
17 24 44
17 61 0
17 77 0
17 102 0
17 118 0
17 122 0
17 138 0
18 113 42
19 66 84
19 67 0
19 113 0
19 128 0
19 144 0
19 156 0
20 37 26
20 39 0
20 62 0
20 76 0
20 118 0
20 131 0
21 109 40
21 110 0
22 24 28
22 40 0
22 46 0
22 89 0
22 92 0
22 122 0
23 67 59
23 68 0
23 160 0
24 61 48
24 109 0
24 115 0
24 137 0
25 28 95
25 148 0
26 27 52
26 28 0
26 92 0
26 147 0
27 40 60
27 71 0
27 92 0
27 113 0
28 43 51
28 72 0
28 84 0
28 92 0
28 120 0
29 80 52
29 87 0
29 130 0
29 140 0
30 64 43
30 91 0
30 97 0
30 167 0
31 82 94
31 100 0
31 117 0
32 56 68
32 77 0
32 105 0
33 57 70
34 35 77
34 38 0
34 57 0
34 75 0
34 94 0
34 105 0
34 155 0
34 172 0
35 53 33
35 58 0
35 76 0
35 121 0
35 136 0
35 137 0
36 56 41
37 117 36
38 61 64
38 88 0
38 109 0
38 119 0
39 53 43
39 55 0
39 66 0
39 86 0
39 87 0
39 94 0
39 99 0
39 109 0
39 116 0
39 172 0
40 74 71
41 43 74
41 45 0
41 55 0
41 95 0
41 96 0
41 115 0
41 126 0
41 148 0
42 54 77
43 47 10
43 84 0
43 92 0
44 70 21
44 71 0
44 105 0
44 119 0
44 126 0
45 69 61
45 72 0
45 134 0
45 150 0
45 171 0
46 60 39
46 116 0
46 133 0
47 58 19
47 73 0
47 117 0
47 128 0
47 162 0
48 90 39
48 95 0
48 170 0
49 81 37
49 87 0
49 96 0
50 56 92
50 123 0
51 142 19
51 158 0
51 170 0
52 88 85
53 77 36
53 104 0
54 71 92
54 105 0
54 109 0
55 67 78
55 143 0
56 163 35
57 75 29
58 71 51
58 95 0
58 98 0
59 65 10
59 144 0
59 159 0
59 160 0
59 165 0
60 98 87
60 147 0
60 167 0
61 77 40
61 81 0
61 85 0
61 91 0
61 101 0
61 155 0
61 166 0
61 167 0
62 67 86
62 76 0
62 117 0
62 118 0
62 153 0
64 91 54
64 107 0
64 157 0
65 69 27
65 96 0
65 104 0
65 112 0
65 159 0
66 81 71
66 84 0
66 105 0
66 135 0
66 139 0
68 74 44
68 126 0
68 128 0
68 142 0
68 146 0
68 159 0
68 166 0
69 108 18
69 126 0
69 151 0
70 94 21
70 135 0
70 154 0
70 158 0
71 107 41
71 154 0
72 86 39
72 140 0
73 126 38
73 139 0
73 166 0
75 80 93
75 124 0
75 136 0
76 81 81
76 84 0
76 90 0
76 100 0
76 158 0
77 160 55
77 169 0
78 90 88
78 115 0
80 95 84
80 145 0
80 169 0
81 153 69
82 130 19
82 146 0
83 95 74
83 129 0
83 151 0
84 151 37
84 154 0
85 106 34
85 109 0
85 156 0
86 138 69
86 158 0
87 116 13
87 124 0
87 150 0
87 158 0
88 98 41
89 94 73
89 108 0
89 111 0
89 118 0
89 134 0
89 173 0
90 110 40
90 167 0
91 92 13
91 126 0
91 139 0
92 104 19
92 111 0
92 142 0
92 160 0
92 173 0
93 103 16
93 115 0
93 121 0
93 149 0
94 127 21
94 164 0
95 132 75
95 138 0
95 139 0
96 166 76
97 115 51
97 118 0
97 124 0
97 136 0
97 145 0
97 170 0
98 152 63
98 172 0
99 166 36
100 158 58
100 170 0
102 140 94
104 125 43
104 153 0
106 109 40
106 129 0
106 136 0
107 115 60
108 129 36
108 161 0
108 169 0
109 172 34
110 119 84
113 120 49
113 138 0
114 163 41
115 117 21
115 154 0
116 137 26
117 132 48
118 135 95
118 151 0
118 157 0
119 126 17
120 158 34
121 122 12
125 150 20
126 136 86
126 141 0
127 148 84
128 144 89
128 145 0
128 146 0
129 136 20
129 158 0
130 133 23
131 157 14
131 172 0
134 135 20
134 156 0
134 168 0
134 172 0
135 141 87
137 158 94
137 164 0
138 158 19
138 167 0
140 148 68
141 142 63
141 166 0
142 171 91
144 158 85
146 167 27
148 169 77
149 161 77
152 159 46
153 158 97
153 159 0
154 167 60
154 172 0
155 158 35
156 160 67
157 171 84
158 160 60
159 160 40
159 170 0
167 168 72
169 171 11
