180 240
0 37 81
0 72 0
1 113 68
1 175 0
2 7 23
2 82 0
2 174 0
3 40 48
3 131 0
4 164 90
5 53 30
5 117 0
5 121 0
5 169 0
6 30 84
6 36 0
6 41 0
6 136 0
7 20 51
7 126 0
7 130 0
8 10 53
8 154 0
9 149 60
9 158 0
10 27 71
11 59 30
12 31 35
13 27 21
13 109 0
14 25 85
14 35 0
14 106 0
14 159 0
15 81 30
16 43 42
16 75 0
16 148 0
17 105 86
17 111 0
18 72 43
18 108 0
18 110 0
18 114 0
18 117 0
18 155 0
18 167 0
19 38 37
19 50 0
19 153 0
19 166 0
20 123 62
21 28 74
21 88 0
22 113 52
22 115 0
22 119 0
22 159 0
23 84 58
25 57 43
25 105 0
25 135 0
25 152 0
25 166 0
26 98 89
27 82 29
27 96 0
27 170 0
28 50 83
28 157 0
29 126 35
29 157 0
29 165 0
30 63 26
31 117 20
32 82 12
33 51 66
34 56 31
34 155 0
35 102 16
35 156 0
37 41 12
37 81 0
38 104 80
39 99 67
39 109 0
39 137 0
40 105 82
40 134 0
42 69 69
42 143 0
42 170 0
43 65 13
44 101 82
44 123 0
45 143 40
45 150 0
45 164 0
47 104 23
49 97 39
49 118 0
49 119 0
49 147 0
49 171 0
50 51 46
50 84 0
50 179 0
51 57 28
51 114 0
51 140 0
51 177 0
52 58 12
52 106 0
52 141 0
53 97 59
53 129 0
53 141 0
53 150 0
54 129 19
54 134 0
54 172 0
54 173 0
55 78 89
55 113 0
55 148 0
55 154 0
56 133 16
56 138 0
57 75 99
57 77 0
58 75 45
58 108 0
60 62 50
60 69 0
60 121 0
63 90 77
64 71 18
64 147 0
65 116 33
66 78 88
67 80 68
68 128 45
69 88 57
69 129 0
69 178 0
70 94 95
70 175 0
71 117 58
72 179 32
73 151 80
73 153 0
73 174 0
74 87 54
74 149 0
74 158 0
75 171 72
76 95 68
76 160 0
77 131 52
78 111 16
79 111 38
79 129 0
79 153 0
80 83 16
80 126 0
81 106 74
82 85 67
82 148 0
82 157 0
82 167 0
84 91 52
84 110 0
86 153 45
86 173 0
88 168 20
90 121 15
91 94 11
91 101 0
92 107 85
92 109 0
92 170 0
94 128 38
94 135 0
94 173 0
96 118 30
96 168 0
96 178 0
98 166 63
99 117 56
99 147 0
100 143 78
100 146 0
100 160 0
100 176 0
102 124 63
102 135 0
102 160 0
103 145 90
104 148 24
105 146 29
106 157 95
106 176 0
110 141 13
110 161 0
111 132 65
112 118 70
115 123 60
115 179 0
116 119 68
116 134 0
116 175 0
117 124 78
117 137 0
118 148 91
119 120 53
121 140 41
121 145 0
121 158 0
121 175 0
123 172 93
128 135 88
128 179 0
129 131 89
129 157 0
130 141 93
132 134 39
132 135 0
132 152 0
132 167 0
132 172 0
137 157 51
143 155 31
143 173 0
145 160 35
146 171 91
148 155 43
158 160 84
161 166 78
163 175 45
165 172 32
