134 203
0 39 58
0 46 0
0 71 0
0 117 0
1 24 91
1 25 0
1 86 0
2 65 60
2 110 0
3 76 90
3 129 0
4 110 54
4 124 0
4 130 0
5 6 83
5 64 0
5 86 0
5 123 0
6 7 62
6 57 0
7 69 65
7 82 0
8 68 62
8 81 0
9 56 31
9 124 0
9 133 0
10 36 97
10 65 0
10 78 0
11 28 91
11 43 0
11 65 0
11 77 0
12 76 57
12 106 0
12 118 0
13 90 16
14 87 97
14 107 0
14 120 0
14 126 0
15 78 28
15 105 0
15 108 0
16 44 74
17 23 27
18 71 66
18 101 0
18 113 0
18 122 0
18 123 0
19 106 74
20 59 23
20 112 0
21 62 12
21 110 0
22 54 61
22 84 0
24 53 98
25 26 26
25 80 0
25 81 0
26 100 18
27 28 19
27 74 0
27 81 0
29 51 90
29 113 0
30 99 13
31 38 10
31 57 0
31 66 0
31 133 0
32 33 51
32 59 0
32 124 0
33 36 53
33 67 0
33 73 0
33 99 0
33 105 0
34 102 74
34 114 0
35 43 58
35 47 0
36 58 39
36 71 0
37 88 54
37 92 0
37 119 0
38 100 50
39 98 21
40 47 16
40 111 0
40 118 0
41 64 89
42 90 95
42 108 0
43 85 74
43 109 0
43 119 0
44 81 51
45 71 75
45 73 0
45 79 0
45 95 0
45 119 0
45 129 0
46 90 48
47 55 57
47 88 0
47 91 0
47 92 0
47 98 0
47 115 0
48 106 60
48 129 0
50 115 26
51 95 31
52 82 69
54 66 98
54 97 0
54 124 0
55 90 30
55 101 0
57 58 47
57 61 0
57 101 0
57 115 0
58 72 81
58 80 0
58 114 0
60 83 88
60 108 0
61 81 86
61 95 0
62 90 72
62 109 0
64 97 54
66 72 91
66 77 0
66 78 0
66 94 0
67 91 39
67 108 0
69 84 13
69 85 0
69 105 0
70 91 10
70 106 0
71 103 18
71 116 0
73 129 33
75 92 35
76 82 78
76 101 0
77 89 88
77 114 0
78 93 73
78 110 0
79 113 78
80 88 99
81 83 26
82 122 65
85 93 63
85 126 0
85 127 0
86 120 10
87 108 42
87 111 0
87 127 0
88 108 10
88 109 0
89 121 42
91 120 77
91 123 0
92 125 100
93 117 22
93 123 0
94 122 95
94 124 0
94 125 0
95 129 50
96 122 45
99 116 56
99 132 0
101 115 29
103 106 86
104 130 62
105 107 79
105 123 0
109 112 19
109 131 0
110 113 59
110 130 0
112 127 81
112 128 0
114 119 22
123 127 29
123 131 0
125 129 42
129 132 95
