121 200
0 19 48
0 22 0
0 51 0
0 102 0
1 23 61
1 57 0
1 82 0
2 23 66
2 116 0
3 54 21
3 66 0
3 72 0
4 23 42
4 72 0
4 97 0
4 100 0
5 66 41
5 79 0
5 110 0
6 32 23
6 60 0
6 69 0
6 81 0
6 96 0
7 8 59
7 11 0
7 65 0
7 87 0
7 111 0
8 74 58
8 84 0
9 54 32
9 61 0
9 62 0
9 70 0
10 48 30
10 91 0
10 97 0
11 114 10
12 27 33
12 66 0
12 106 0
12 108 0
13 48 48
13 77 0
13 80 0
13 94 0
14 38 47
14 49 0
14 98 0
15 25 99
15 43 0
15 57 0
15 67 0
16 34 94
16 44 0
17 48 34
17 92 0
18 40 66
19 29 65
19 37 0
19 40 0
19 105 0
20 26 55
21 46 37
21 63 0
22 51 91
22 98 0
22 113 0
23 60 26
23 118 0
24 62 16
24 63 0
24 105 0
25 51 61
25 120 0
26 67 51
26 113 0
27 110 15
28 80 30
28 104 0
28 107 0
28 109 0
29 79 17
29 111 0
30 117 59
31 91 13
31 100 0
31 109 0
32 65 53
33 60 86
33 119 0
35 79 65
35 92 0
36 77 80
36 88 0
36 116 0
37 66 92
37 84 0
37 85 0
37 96 0
37 118 0
38 42 28
38 49 0
38 94 0
38 103 0
40 68 78
40 101 0
41 117 62
42 59 64
42 66 0
42 76 0
42 89 0
43 112 13
43 116 0
46 106 76
47 95 18
49 71 35
49 78 0
50 73 86
50 100 0
50 106 0
50 109 0
51 106 61
51 111 0
51 115 0
52 55 93
52 79 0
52 101 0
52 116 0
53 116 16
54 87 19
55 79 63
57 97 71
58 71 74
58 87 0
58 88 0
58 97 0
58 118 0
59 99 45
60 62 56
60 98 0
60 109 0
60 118 0
62 68 91
62 75 0
63 67 19
63 96 0
64 65 37
64 66 0
64 107 0
65 95 30
65 105 0
66 112 100
67 119 94
68 72 15
68 87 0
68 104 0
69 70 15
69 83 0
69 89 0
70 105 96
71 119 72
72 112 75
73 107 67
74 95 18
75 83 23
75 88 0
75 93 0
76 91 95
76 119 0
77 86 29
78 88 53
78 114 0
80 82 99
80 115 0
81 107 49
81 111 0
82 91 85
83 105 27
85 96 19
86 103 62
87 99 74
87 112 0
88 94 99
88 111 0
88 119 0
93 96 62
94 98 96
95 106 14
96 97 47
98 107 31
100 106 87
100 120 0
105 116 90
106 120 58
109 114 12
112 118 83
114 119 55
115 116 79
