154 396
0 13 12
0 42 0
0 45 0
0 54 0
1 23 71
1 49 0
1 63 0
1 100 0
1 124 0
1 134 0
1 142 0
1 152 0
2 5 54
2 42 0
2 56 0
2 82 0
2 102 0
2 126 0
2 128 0
2 147 0
3 65 47
3 85 0
3 94 0
3 95 0
4 68 42
4 72 0
4 78 0
4 91 0
4 149 0
5 13 60
5 23 0
5 28 0
5 37 0
5 62 0
5 89 0
6 24 27
6 25 0
6 41 0
6 47 0
6 51 0
6 55 0
6 58 0
6 124 0
6 139 0
7 8 99
7 17 0
7 22 0
7 39 0
7 110 0
7 128 0
7 145 0
8 15 85
8 24 0
8 63 0
8 84 0
8 108 0
8 128 0
9 16 61
9 33 0
9 38 0
9 57 0
9 59 0
9 67 0
9 85 0
9 130 0
9 132 0
10 93 59
10 100 0
10 105 0
10 116 0
10 130 0
11 119 35
12 54 73
12 56 0
12 75 0
12 94 0
12 119 0
12 134 0
12 136 0
13 23 70
13 44 0
13 57 0
14 87 34
14 131 0
14 153 0
15 118 80
15 127 0
15 151 0
16 83 96
16 90 0
16 96 0
16 136 0
17 46 58
17 61 0
17 95 0
17 102 0
18 47 94
18 61 0
18 117 0
18 142 0
19 49 98
19 89 0
19 90 0
19 97 0
19 126 0
19 133 0
20 62 70
20 79 0
20 80 0
20 123 0
20 142 0
21 38 55
21 59 0
21 105 0
21 111 0
22 86 64
23 34 61
23 79 0
23 88 0
23 99 0
23 109 0
24 32 46
24 70 0
24 117 0
24 135 0
24 141 0
24 152 0
25 104 24
25 120 0
26 44 26
26 63 0
26 104 0
26 125 0
26 138 0
27 45 16
27 47 0
27 104 0
27 108 0
27 110 0
27 120 0
27 131 0
28 145 21
29 41 73
29 135 0
30 35 49
30 37 0
30 42 0
30 46 0
30 97 0
30 129 0
30 148 0
31 50 39
31 93 0
31 97 0
31 110 0
31 111 0
31 125 0
32 48 23
32 52 0
32 84 0
32 97 0
32 108 0
32 128 0
32 146 0
33 48 93
33 52 0
33 104 0
34 142 93
35 47 16
35 57 0
35 83 0
35 143 0
35 145 0
36 89 40
36 97 0
36 130 0
36 137 0
37 56 65
37 58 0
37 108 0
37 112 0
38 76 95
38 144 0
39 47 50
39 54 0
39 63 0
39 71 0
39 131 0
39 133 0
39 141 0
39 147 0
40 60 72
40 62 0
40 64 0
40 84 0
40 100 0
40 151 0
41 47 97
41 61 0
41 111 0
41 131 0
41 152 0
42 48 58
42 110 0
42 125 0
43 124 57
44 48 60
44 62 0
44 89 0
44 136 0
44 146 0
45 76 31
45 86 0
46 66 67
46 83 0
46 108 0
46 133 0
47 53 55
47 132 0
47 140 0
47 149 0
48 67 65
48 111 0
48 137 0
49 56 23
49 66 0
49 111 0
49 135 0
49 136 0
49 143 0
50 131 91
50 141 0
51 52 82
51 55 0
51 70 0
51 78 0
52 65 55
52 81 0
52 102 0
53 58 60
53 99 0
53 112 0
54 70 50
54 102 0
55 88 26
55 98 0
57 66 94
57 70 0
57 94 0
57 128 0
58 110 52
58 121 0
58 151 0
59 60 27
59 88 0
59 105 0
59 120 0
59 150 0
60 82 18
60 98 0
61 84 19
61 102 0
61 152 0
62 95 38
63 66 17
63 82 0
63 112 0
63 120 0
64 86 32
64 94 0
64 139 0
64 143 0
65 133 85
66 105 22
66 121 0
66 148 0
67 92 76
67 110 0
67 118 0
68 132 48
69 96 75
70 80 15
70 91 0
70 100 0
70 108 0
71 153 82
72 109 10
73 89 96
73 106 0
73 153 0
74 130 39
74 132 0
74 137 0
74 138 0
75 79 66
75 137 0
76 88 14
76 101 0
76 120 0
78 79 89
78 118 0
78 119 0
78 136 0
79 97 36
80 83 88
80 110 0
80 142 0
81 102 78
81 105 0
81 117 0
82 90 15
82 104 0
83 88 42
83 111 0
83 130 0
84 120 74
85 88 49
85 97 0
86 151 96
88 94 69
88 119 0
88 120 0
88 142 0
89 116 47
89 146 0
89 148 0
90 118 16
90 130 0
90 144 0
90 149 0
91 93 50
92 99 31
92 151 0
93 117 66
93 143 0
93 152 0
94 150 68
95 147 42
96 147 55
97 148 60
98 107 40
98 116 0
98 124 0
99 122 83
99 152 0
100 119 93
100 145 0
100 146 0
101 122 68
101 135 0
102 114 77
102 119 0
102 149 0
103 136 34
103 151 0
104 113 92
104 117 0
104 138 0
104 144 0
105 117 65
105 132 0
107 113 95
108 124 71
108 128 0
109 136 62
110 142 28
112 133 67
112 150 0
113 137 21
115 119 27
115 126 0
115 127 0
115 141 0
117 119 30
117 139 0
118 120 49
118 127 0
119 131 27
119 144 0
120 140 66
123 130 47
125 137 47
126 133 72
127 130 22
128 147 16
129 142 58
129 143 0
129 148 0
134 135 88
135 148 71
140 145 63
140 153 0
143 148 80
146 148 12
149 152 59
149 153 0
