117 155
0 11 33
0 48 0
1 6 23
1 83 0
1 85 0
2 13 48
2 97 0
3 9 18
3 47 0
3 75 0
3 115 0
4 67 18
4 111 0
5 19 90
5 56 0
5 105 0
6 25 33
6 65 0
6 79 0
7 13 100
8 35 21
8 107 0
9 15 86
10 49 41
10 57 0
11 33 97
11 44 0
12 88 94
12 89 0
12 98 0
13 31 99
13 45 0
13 60 0
14 36 67
14 95 0
14 96 0
15 57 38
15 84 0
15 87 0
16 114 86
17 31 85
17 106 0
18 24 63
18 32 0
18 81 0
19 27 72
19 69 0
19 73 0
19 113 0
20 60 54
21 88 22
21 111 0
22 51 62
22 72 0
22 76 0
23 74 70
23 105 0
23 112 0
24 62 97
25 102 60
25 110 0
26 27 31
26 114 0
27 53 55
27 76 0
28 50 95
28 60 0
29 36 70
30 69 98
30 80 0
31 60 49
31 112 0
32 36 39
33 96 19
33 111 0
34 40 62
34 55 0
34 101 0
35 109 82
36 94 64
36 98 0
36 105 0
36 110 0
37 79 53
38 47 32
38 70 0
38 86 0
39 71 65
40 60 82
40 113 0
41 48 11
41 86 0
41 94 0
42 50 40
43 81 50
43 95 0
43 98 0
43 104 0
44 66 15
44 71 0
44 91 0
46 53 57
47 71 32
48 96 57
50 98 79
51 56 16
51 61 0
52 114 97
53 83 30
53 90 0
53 98 0
54 98 76
55 79 60
55 85 0
55 109 0
56 94 96
56 115 0
58 82 56
59 61 79
59 105 0
59 107 0
61 80 57
61 95 0
63 69 49
63 75 0
63 88 0
63 99 0
64 92 63
66 86 10
67 99 60
69 83 20
69 86 0
69 103 0
69 104 0
71 109 55
72 96 80
72 106 0
72 116 0
75 95 89
75 98 0
77 115 41
78 105 28
79 86 38
79 109 0
82 108 10
83 105 80
88 98 28
90 112 79
94 112 55
100 112 64
101 111 55
103 110 46
104 106 34
109 110 51
109 111 0
