134 166
0 107 17
2 42 98
2 69 0
2 77 0
3 76 36
4 91 39
4 124 0
5 14 62
5 35 0
5 55 0
6 95 64
7 13 10
7 15 0
7 51 0
7 63 0
7 121 0
8 16 36
8 78 0
9 73 74
9 129 0
10 28 95
10 29 0
10 46 0
10 70 0
10 88 0
10 124 0
10 126 0
11 23 94
11 107 0
11 120 0
12 37 25
12 51 0
12 58 0
12 126 0
13 59 56
14 18 94
15 88 58
16 58 38
16 62 0
17 75 12
17 103 0
18 40 30
18 67 0
18 109 0
19 35 73
19 103 0
19 118 0
20 52 45
20 73 0
20 116 0
21 26 39
21 32 0
21 52 0
21 113 0
22 63 96
23 49 18
23 130 0
23 132 0
24 67 33
24 80 0
24 94 0
26 27 68
26 82 0
26 113 0
28 94 17
28 130 0
29 68 70
29 121 0
30 32 55
30 90 0
30 107 0
30 129 0
31 76 99
32 89 37
33 53 16
33 105 0
34 102 23
35 106 74
35 119 0
35 128 0
36 63 15
36 115 0
37 62 38
38 85 68
39 64 40
40 47 78
40 52 0
40 127 0
42 65 29
42 80 0
42 101 0
42 110 0
45 55 98
47 88 34
48 52 25
48 65 0
48 104 0
48 122 0
49 61 39
49 69 0
49 109 0
51 84 67
51 104 0
51 105 0
51 112 0
53 102 84
53 115 0
54 67 64
54 75 0
54 80 0
55 64 87
56 76 71
58 67 100
60 65 51
60 68 0
60 122 0
61 101 22
62 73 68
62 108 0
62 117 0
63 65 82
63 86 0
63 90 0
63 102 0
64 72 80
65 97 37
65 105 0
65 111 0
67 105 91
67 107 0
69 79 42
69 122 0
70 84 81
70 89 0
71 104 62
74 91 79
77 89 68
78 106 80
80 110 47
80 114 0
82 89 80
83 123 38
83 133 0
84 104 64
84 120 0
85 102 33
85 132 0
87 98 28
88 101 45
90 96 18
91 110 64
92 123 16
93 100 70
94 106 15
96 111 59
96 121 0
96 123 0
100 112 33
101 102 34
104 117 22
106 130 26
107 108 65
117 125 66
121 129 83
126 131 96
126 133 0
