181 223
0 22 19
0 32 0
0 44 0
0 70 0
0 125 0
0 147 0
0 153 0
1 48 26
1 75 0
2 106 92
2 155 0
3 103 56
4 10 15
4 65 0
4 80 0
4 104 0
5 168 31
6 26 98
6 66 0
7 98 56
7 175 0
8 139 68
9 90 89
10 35 21
11 28 29
11 36 0
11 68 0
11 77 0
11 79 0
11 101 0
11 177 0
13 81 67
14 57 81
14 143 0
16 31 49
16 133 0
17 80 58
17 84 0
17 107 0
18 67 38
18 101 0
18 142 0
18 165 0
18 175 0
19 87 91
20 159 33
21 49 23
22 26 64
22 30 0
22 69 0
22 78 0
24 28 31
24 80 0
25 138 53
26 87 85
26 96 0
26 97 0
26 172 0
27 60 53
27 144 0
28 84 98
29 39 65
29 85 0
29 89 0
30 153 61
30 164 0
31 60 38
31 150 0
32 169 10
33 100 100
33 112 0
33 113 0
34 56 59
35 95 39
35 98 0
36 151 55
37 46 33
37 142 0
38 96 89
39 103 88
39 131 0
39 139 0
40 48 11
40 115 0
40 164 0
41 103 33
42 58 11
43 50 85
43 57 0
43 115 0
45 80 46
46 80 57
48 137 47
48 143 0
49 90 42
50 85 90
51 86 34
51 108 0
51 110 0
51 163 0
53 174 11
54 116 37
54 153 0
55 154 48
56 93 85
56 159 0
57 111 95
58 79 98
58 101 0
58 110 0
58 126 0
58 133 0
59 125 66
59 145 0
60 171 24
61 128 81
62 116 46
63 102 23
63 156 0
64 70 36
64 131 0
65 69 73
65 124 0
65 133 0
66 156 34
66 174 0
67 101 54
68 81 23
68 144 0
69 75 48
69 96 0
69 107 0
69 136 0
69 158 0
72 84 75
72 152 0
73 114 25
73 167 0
74 149 74
75 111 56
76 161 17
76 172 0
77 161 57
78 129 87
78 146 0
79 93 43
79 166 0
81 96 39
81 98 0
82 106 52
82 138 0
83 99 11
84 156 69
85 109 18
85 117 0
86 142 85
86 147 0
86 152 0
87 161 21
88 103 60
90 166 29
91 112 61
92 101 10
92 129 0
93 119 90
94 97 71
94 148 0
94 168 0
96 100 84
96 111 0
96 158 0
97 127 76
97 165 0
98 143 45
98 169 0
99 105 95
101 146 34
103 109 49
103 172 0
104 128 64
104 138 0
104 171 0
106 114 76
106 177 0
107 148 62
107 149 0
108 127 83
108 130 0
109 132 92
109 152 0
112 143 90
112 175 0
114 126 87
115 132 61
116 119 90
117 179 100
118 163 34
119 148 17
121 124 46
121 137 0
121 141 0
121 149 0
123 130 14
125 168 49
127 179 70
129 180 47
133 149 55
136 152 95
137 176 48
138 151 68
138 169 0
140 167 31
145 160 84
146 154 65
148 178 85
151 169 15
152 172 47
154 168 50
161 164 57
166 173 57
167 169 34
170 171 87
170 176 0
