190 239
0 120 96
0 124 0
0 131 0
0 156 0
0 158 0
1 15 89
1 19 0
1 44 0
1 88 0
2 163 31
3 28 81
3 89 0
3 117 0
4 110 26
4 118 0
4 143 0
5 26 63
5 33 0
5 126 0
5 172 0
5 178 0
5 188 0
6 25 24
6 118 0
7 72 98
11 36 86
11 118 0
11 149 0
11 153 0
12 18 54
13 29 97
13 163 0
15 69 85
15 81 0
15 161 0
16 69 66
17 25 29
17 60 0
17 119 0
17 183 0
18 33 52
18 43 0
18 87 0
18 91 0
19 26 49
19 71 0
19 133 0
19 159 0
19 177 0
20 108 35
21 28 66
21 85 0
21 114 0
22 81 43
23 79 20
23 146 0
23 148 0
23 182 0
24 78 63
24 110 0
25 41 98
25 120 0
25 127 0
25 174 0
26 89 31
26 108 0
27 99 61
27 173 0
28 38 45
28 78 0
29 67 75
32 84 21
33 93 30
34 93 62
34 104 0
34 108 0
34 181 0
35 183 56
36 74 85
36 131 0
36 134 0
36 146 0
36 189 0
37 62 18
37 132 0
37 136 0
38 91 17
38 139 0
38 146 0
39 111 23
43 136 98
44 53 54
44 95 0
44 172 0
46 50 63
46 69 0
46 84 0
46 134 0
48 54 81
48 62 0
49 132 80
50 129 52
51 99 51
51 119 0
52 66 23
52 110 0
53 99 42
53 163 0
53 184 0
54 133 77
54 167 0
55 78 22
56 157 76
57 84 41
58 90 54
59 74 55
59 128 0
59 177 0
60 79 34
60 168 0
62 72 57
63 179 72
65 123 47
65 136 0
65 148 0
65 151 0
66 183 10
67 79 20
67 189 0
70 95 23
70 125 0
70 128 0
70 130 0
71 101 38
71 178 0
71 184 0
71 186 0
72 98 72
72 103 0
72 128 0
73 133 92
74 80 91
75 108 96
75 113 0
75 179 0
76 115 55
76 138 0
76 149 0
77 102 93
77 118 0
78 164 28
78 183 0
78 187 0
80 89 65
80 116 0
80 140 0
80 153 0
80 173 0
81 143 20
82 123 33
82 184 0
83 93 13
83 100 0
83 105 0
84 95 63
84 142 0
84 177 0
85 103 22
86 108 17
86 142 0
86 157 0
86 178 0
87 114 100
87 132 0
87 164 0
87 177 0
88 168 47
90 121 91
92 100 83
92 157 0
94 141 92
95 116 60
96 105 38
96 149 0
96 156 0
96 182 0
97 100 53
97 184 0
98 121 17
98 130 0
98 131 0
102 148 21
104 189 76
106 114 78
108 113 40
108 124 0
108 128 0
109 125 33
111 172 97
112 138 65
112 154 0
112 186 0
112 189 0
113 178 56
114 133 29
114 152 0
114 164 0
115 172 80
116 142 60
117 166 13
118 144 59
119 128 70
119 173 0
120 169 85
123 139 53
125 139 28
126 188 45
128 168 89
129 159 41
130 189 14
134 158 77
134 170 0
134 184 0
135 141 36
139 180 40
142 158 39
142 176 0
146 151 60
147 184 65
148 176 100
148 188 0
149 175 11
154 158 42
165 178 50
167 184 34
167 188 0
168 188 93
169 175 28
169 177 0
