160 226
0 13 21
0 80 0
0 85 0
0 139 0
1 11 60
1 27 0
1 57 0
1 59 0
1 73 0
1 88 0
1 119 0
1 134 0
2 15 43
2 62 0
2 137 0
3 37 10
3 56 0
3 72 0
4 53 76
4 97 0
4 107 0
4 141 0
5 84 46
5 103 0
5 124 0
6 57 79
7 73 79
8 23 98
8 131 0
9 30 85
9 115 0
10 57 45
10 75 0
10 94 0
10 96 0
11 60 18
11 84 0
12 31 65
12 143 0
13 22 37
13 54 0
13 136 0
13 148 0
14 17 92
14 62 0
14 77 0
14 135 0
14 143 0
15 45 90
15 153 0
15 156 0
16 64 46
16 77 0
16 113 0
16 136 0
18 67 78
18 97 0
19 50 54
20 38 80
20 65 0
20 101 0
21 24 68
21 116 0
22 109 63
23 24 20
23 30 0
23 63 0
24 37 19
25 40 95
25 71 0
25 125 0
25 152 0
26 68 86
26 73 0
26 127 0
26 150 0
27 36 14
27 41 0
27 127 0
28 134 27
28 149 0
29 48 10
29 80 0
29 98 0
29 138 0
29 142 0
29 145 0
30 45 53
30 79 0
30 152 0
31 110 93
31 117 0
31 150 0
32 144 37
32 145 0
33 72 98
34 38 58
34 69 0
35 41 54
35 49 0
35 148 0
36 50 48
36 156 0
37 47 70
37 129 0
37 139 0
37 143 0
39 113 96
39 139 0
41 114 24
41 143 0
41 154 0
42 129 88
42 131 0
43 105 13
44 69 75
44 141 0
45 52 25
45 62 0
45 76 0
46 52 84
46 75 0
46 90 0
46 113 0
46 135 0
47 80 34
48 86 88
48 123 0
49 92 24
49 151 0
50 60 39
50 86 0
50 138 0
50 156 0
51 61 23
51 115 0
52 61 37
52 72 0
53 62 89
53 137 0
53 156 0
54 60 100
54 89 0
55 62 20
56 85 74
56 87 0
56 102 0
57 126 26
58 73 51
58 98 0
58 100 0
58 152 0
58 157 0
59 108 87
60 73 72
60 120 0
61 95 43
61 101 0
61 130 0
61 158 0
63 76 61
63 88 0
64 75 41
64 99 0
64 114 0
64 131 0
65 74 10
66 113 64
67 80 91
67 108 0
69 122 44
71 139 17
71 155 0
76 110 76
77 123 90
77 140 0
79 137 44
80 85 89
80 105 0
80 124 0
80 140 0
80 152 0
81 89 71
81 138 0
82 153 12
83 132 23
83 149 0
84 156 71
86 102 95
86 116 0
86 121 0
87 93 42
88 96 53
88 144 0
88 147 0
88 159 0
89 94 64
89 143 0
90 91 58
91 95 22
92 111 10
92 146 0
92 155 0
94 147 81
98 103 43
99 126 41
100 158 66
102 125 43
104 105 57
104 106 0
104 141 0
107 125 82
111 138 87
112 130 67
114 154 97
115 148 56
117 121 91
122 139 57
122 155 0
125 135 48
128 130 17
129 155 36
133 155 27
138 153 66
142 148 45
148 157 31
