70 82
1 27 32
1 54 0
2 69 21
5 1 80
5 9 0
5 59 0
6 20 51
7 22 33
7 35 0
8 6 61
8 53 0
8 65 0
11 66 31
11 68 0
13 32 79
13 57 0
13 60 0
14 45 35
17 15 94
17 18 0
17 36 0
19 69 62
20 3 14
20 5 0
20 23 0
22 16 82
23 1 96
26 20 13
26 46 0
26 51 0
27 58 97
29 54 47
29 67 0
30 20 37
31 26 89
31 50 0
31 65 0
32 10 76
32 28 0
34 48 23
34 68 0
36 69 39
37 4 56
37 53 0
37 65 0
39 35 44
41 19 57
43 66 68
43 68 0
44 41 44
46 3 70
46 5 0
48 36 83
48 55 0
49 46 67
50 20 34
50 38 0
51 56 88
52 24 29
52 63 0
53 20 44
54 7 54
54 39 0
56 40 65
57 35 21
59 62 76
60 10 37
60 28 0
60 35 0
61 1 84
61 29 0
61 59 0
62 60 38
63 28 40
63 35 0
65 20 91
65 21 0
65 46 0
66 19 71
67 63 44
68 19 52
68 55 0
