155 209
2 32 65
4 43 73
4 105 0
5 128 56
6 51 90
6 139 0
7 119 40
8 34 83
8 60 0
8 108 0
9 76 84
9 92 0
10 15 45
10 62 0
11 3 46
13 12 76
13 149 0
15 59 12
15 68 0
17 107 75
17 132 0
18 58 53
20 124 13
21 8 33
21 124 0
22 9 23
22 36 0
22 69 0
22 105 0
23 119 23
23 125 0
24 39 95
24 145 0
25 124 62
25 126 0
25 151 0
28 111 35
29 30 33
29 93 0
30 24 83
30 50 0
30 110 0
30 134 0
30 148 0
32 61 39
33 57 28
33 108 0
33 120 0
33 131 0
34 82 53
35 11 94
35 13 0
36 55 56
36 121 0
37 2 37
37 30 0
40 12 53
40 149 0
42 23 82
43 92 88
44 55 40
46 33 47
46 99 0
46 124 0
46 151 0
48 114 80
50 27 90
50 72 0
50 102 0
51 31 72
51 129 0
51 141 0
51 143 0
52 112 83
54 51 53
56 8 29
56 151 0
57 82 75
58 67 28
58 123 0
58 142 0
59 75 79
59 78 0
60 36 75
62 73 61
63 49 16
63 78 0
65 146 21
67 38 73
67 49 0
67 75 0
68 38 14
68 49 0
69 53 36
71 114 48
72 154 12
74 127 39
74 138 0
75 54 23
75 114 0
76 74 76
76 112 0
77 65 93
78 150 65
79 17 83
80 21 67
80 133 0
82 52 86
82 121 0
83 29 63
83 106 0
83 117 0
83 128 0
83 132 0
85 13 22
86 38 89
86 71 0
87 85 12
87 119 0
88 19 97
88 38 0
88 78 0
89 134 79
90 4 90
90 60 0
90 120 0
91 131 95
93 24 82
93 110 0
95 4 88
95 34 0
95 57 0
95 103 0
95 109 0
95 144 0
96 1 45
97 37 57
101 66 54
103 105 12
104 34 90
104 60 0
104 120 0
105 47 39
106 2 13
106 93 0
108 43 15
109 36 77
109 105 0
110 61 56
110 66 0
110 145 0
111 64 84
111 101 0
112 127 41
113 28 63
113 37 0
114 130 96
115 28 33
115 29 0
115 106 0
115 128 0
116 89 88
117 2 78
117 93 0
118 1 10
118 125 0
122 124 98
124 120 94
124 131 0
125 14 17
126 34 22
127 94 10
127 96 0
128 93 36
129 126 41
130 21 20
130 46 0
130 129 0
130 133 0
132 30 34
133 8 69
133 90 0
133 124 0
134 39 85
134 102 0
136 133 88
136 153 0
138 94 74
139 56 78
140 15 94
141 104 44
141 124 0
142 71 40
143 151 19
144 43 61
144 82 0
146 45 28
147 112 71
148 39 72
148 72 0
148 145 0
149 5 13
151 81 76
152 90 68
152 91 0
152 95 0
152 126 0
153 90 12
153 124 0
