77 85
0 14 17
0 49 0
2 18 57
3 27 100
3 47 0
3 50 0
4 65 25
5 25 35
6 8 57
8 39 45
9 76 36
11 13 93
11 39 0
11 53 0
11 63 0
12 71 62
12 75 0
13 4 16
13 72 0
14 8 69
14 11 0
15 71 60
15 75 0
16 8 38
17 21 13
18 46 27
20 24 26
21 38 55
21 59 0
22 12 86
22 15 0
22 26 0
22 74 0
23 8 96
24 48 22
26 29 57
27 15 93
27 20 0
27 26 0
30 21 66
30 37 0
30 52 0
31 18 19
31 28 0
31 67 0
32 43 23
32 44 0
33 26 85
38 62 38
39 68 49
40 34 56
41 73 34
42 69 17
43 25 51
44 1 37
44 70 0
46 76 77
48 31 38
48 64 0
50 15 38
51 8 89
52 38 30
52 59 0
55 72 41
60 17 57
60 68 0
60 72 0
61 35 78
61 38 0
61 59 0
62 47 41
63 17 39
64 25 94
66 61 81
66 65 0
67 45 77
67 46 0
68 65 86
69 56 34
69 60 0
69 63 0
71 73 53
73 31 84
73 57 0
75 73 18
