87 103
0 52 78
1 29 20
1 45 0
1 65 0
1 75 0
2 15 61
3 55 91
3 73 0
3 82 0
4 6 20
4 12 0
5 56 91
7 27 70
7 66 0
8 42 65
8 53 0
9 50 26
9 67 0
10 31 90
11 22 31
12 14 49
13 27 46
13 49 0
13 66 0
13 80 0
15 40 22
16 10 22
16 14 0
16 30 0
19 54 48
20 32 98
20 37 0
20 58 0
20 63 0
22 80 100
23 55 55
24 43 44
24 54 0
25 72 19
26 27 88
27 56 38
29 35 98
30 45 44
30 54 0
31 35 61
32 5 28
32 57 0
33 34 69
35 34 61
36 6 84
37 57 18
38 7 30
38 32 0
39 11 99
39 20 0
39 67 0
42 79 34
43 40 18
44 83 51
46 13 78
47 6 47
47 17 0
47 77 0
47 83 0
48 84 92
50 26 99
50 58 0
51 83 70
53 20 33
53 67 0
54 33 42
56 62 26
58 4 81
58 5 0
58 74 0
58 85 0
63 5 20
63 44 0
63 49 0
63 74 0
65 68 20
66 17 71
66 56 0
67 7 29
67 63 0
70 46 79
71 1 31
71 14 0
72 70 59
72 78 0
73 21 63
74 16 84
76 19 61
77 2 80
79 7 13
79 58 0
80 17 12
80 71 0
80 77 0
83 2 24
83 10 0
84 86 77
85 83 63
