106 143
0 15 45
0 26 0
1 85 34
1 99 0
2 50 34
4 59 41
4 75 0
4 77 0
5 60 68
6 31 97
6 76 0
7 47 25
7 68 0
10 23 95
11 83 15
12 42 97
12 74 0
13 9 51
13 42 0
14 9 23
15 89 36
15 101 0
16 56 58
19 35 50
19 85 0
19 104 0
21 3 38
21 38 0
21 75 0
21 77 0
23 32 88
23 43 0
23 84 0
27 14 71
27 57 0
27 96 0
28 55 25
28 91 0
29 23 60
29 33 0
29 95 0
30 11 22
31 23 13
31 40 0
32 44 32
33 49 14
33 84 0
34 4 41
34 85 0
35 75 26
35 79 0
36 23 52
36 72 0
38 12 37
38 78 0
39 57 41
41 48 39
42 10 81
42 36 0
44 7 22
45 31 46
45 62 0
46 41 23
47 8 40
47 65 0
48 50 85
48 93 0
49 46 42
50 56 15
51 71 32
52 48 76
52 68 0
52 92 0
53 11 83
53 43 0
54 3 50
54 77 0
57 42 86
57 86 0
58 4 94
58 99 0
58 104 0
60 64 41
62 53 17
62 90 0
63 50 95
63 69 0
63 93 0
64 34 17
64 67 0
66 47 18
66 63 0
66 92 0
68 50 42
68 65 0
68 69 0
70 103 11
72 49 96
72 84 0
73 13 12
75 57 90
76 90 100
77 12 87
77 57 0
77 78 0
77 96 0
78 42 89
79 13 80
79 57 0
80 35 26
80 54 0
82 60 73
83 66 45
85 39 58
85 77 0
85 79 0
86 29 11
86 36 0
86 62 0
87 101 70
88 1 43
88 19 0
90 32 49
91 2 18
91 47 0
91 68 0
95 22 32
95 43 0
96 74 50
96 98 0
97 32 39
97 43 0
97 84 0
98 29 39
98 76 0
99 77 77
99 79 0
100 10 55
102 89 67
102 101 0
103 105 27
104 59 95
104 75 0
