110 163
0 18 99
0 96 0
1 19 59
1 47 0
1 77 0
3 49 95
4 7 25
4 31 0
4 36 0
6 47 90
6 77 0
7 93 83
9 12 65
9 59 0
10 31 32
12 66 64
13 31 96
15 37 50
16 64 100
16 98 0
17 27 13
19 22 36
19 97 0
20 2 23
21 5 50
22 80 90
23 12 27
23 53 0
24 63 21
24 66 0
27 37 22
28 35 28
31 93 18
32 39 26
33 69 46
35 2 83
35 56 0
36 93 12
37 109 27
38 71 40
39 38 24
39 50 0
40 10 74
40 41 0
42 58 82
42 106 0
43 91 36
44 64 29
44 88 0
45 56 58
45 74 0
48 5 52
50 40 91
50 57 0
50 60 0
51 81 74
52 39 27
52 55 0
52 81 0
53 72 87
54 39 54
54 99 0
54 105 0
55 29 64
56 109 59
57 4 31
57 10 0
57 13 0
57 41 0
57 102 0
58 49 62
58 51 0
58 52 0
59 66 68
59 72 0
60 13 13
60 34 0
61 51 51
62 28 69
63 33 43
63 108 0
64 27 52
64 45 0
65 41 98
65 100 0
65 102 0
66 91 53
67 7 97
67 30 0
68 26 55
68 42 0
68 94 0
68 103 0
69 107 95
70 13 44
70 41 0
70 67 0
70 100 0
70 102 0
71 41 77
71 100 0
71 102 0
72 91 49
73 6 47
73 33 0
75 8 55
75 21 0
75 48 0
75 54 0
75 101 0
76 83 25
77 16 18
77 22 0
77 62 0
77 97 0
77 107 0
78 57 56
78 65 0
80 20 50
80 35 0
81 38 40
81 78 0
82 20 40
82 35 0
82 45 0
82 89 0
83 91 52
83 108 0
84 92 83
86 24 87
86 59 0
86 76 0
87 103 35
88 35 17
88 89 0
90 88 15
91 77 57
92 12 85
92 24 0
94 46 32
95 46 53
96 94 47
97 17 21
97 88 0
98 15 31
98 85 0
98 89 0
99 29 82
100 36 57
100 84 0
101 105 81
102 7 95
102 31 0
103 61 92
103 75 0
104 44 75
105 50 32
105 78 0
106 21 45
106 54 0
106 101 0
107 82 10
108 77 46
