120 142
0 39 18
0 76 0
0 118 0
1 58 89
1 109 0
3 44 87
4 113 61
6 26 95
7 93 88
8 10 33
8 109 0
11 105 68
11 114 0
12 29 34
12 98 0
15 108 78
18 58 15
18 81 0
19 43 37
19 116 0
21 16 76
25 5 35
26 42 65
27 4 13
27 98 0
28 27 13
28 43 0
28 80 0
28 106 0
28 111 0
29 5 60
29 113 0
31 88 69
32 106 23
32 116 0
34 6 40
36 107 89
37 74 83
37 96 0
38 33 89
38 102 0
39 91 75
41 30 37
43 72 24
44 38 20
47 92 60
49 1 35
49 79 0
49 100 0
49 117 0
50 32 14
50 60 0
51 61 77
52 10 40
52 109 0
54 62 20
56 24 67
56 37 0
56 110 0
57 15 12
57 29 0
57 82 0
60 83 58
60 111 0
61 17 26
61 50 0
66 26 76
66 77 0
67 36 36
67 115 0
68 7 34
68 35 0
68 55 0
70 117 71
71 30 90
71 116 0
72 113 89
73 58 79
73 109 0
75 16 88
75 99 0
76 34 55
77 13 72
78 12 70
78 106 0
79 7 38
79 35 0
79 54 0
79 55 0
80 4 19
80 29 0
80 98 0
81 62 75
81 93 0
82 84 29
83 72 39
86 89 37
87 46 31
89 56 24
90 19 74
90 28 0
91 56 92
92 66 31
92 97 0
93 67 86
94 27 73
94 43 0
94 80 0
94 106 0
95 19 70
95 28 0
97 26 45
99 32 73
99 60 0
99 78 0
100 81 29
101 35 24
101 55 0
104 33 56
105 7 70
106 15 66
106 25 0
106 29 0
107 32 32
107 78 0
108 40 36
108 65 0
109 62 91
111 4 45
112 1 48
112 18 0
113 3 22
113 40 0
113 65 0
114 7 54
114 35 0
115 107 76
116 72 58
117 7 67
117 54 0
118 89 27
118 91 0
