137 154
0 8 69
0 64 0
0 109 0
0 133 0
1 114 13
3 66 86
3 69 0
7 25 30
8 23 53
8 126 0
9 25 74
9 37 0
9 81 0
11 135 94
12 134 33
14 85 86
16 33 17
16 90 0
16 119 0
17 111 80
18 2 10
18 76 0
19 54 90
19 80 0
20 33 92
21 81 52
22 57 94
23 93 32
25 10 56
25 77 0
25 112 0
26 31 100
27 73 29
28 1 70
28 105 0
30 25 42
32 11 24
32 117 0
33 132 32
34 31 63
35 122 24
36 80 37
37 50 12
38 99 69
43 87 67
43 124 0
44 56 92
45 61 55
46 59 78
46 76 0
47 99 60
48 70 10
48 130 0
49 1 67
54 29 54
54 30 0
54 131 0
56 61 58
58 13 44
58 31 0
58 69 0
59 115 23
60 11 85
60 67 0
61 16 75
62 39 82
62 134 0
64 55 15
65 23 70
65 134 0
67 83 59
67 124 0
70 43 86
70 117 0
71 21 13
72 135 84
73 81 94
74 14 81
74 106 0
74 112 0
75 37 34
76 58 38
76 115 0
78 36 12
78 42 0
78 86 0
78 108 0
78 122 0
80 30 13
81 14 49
81 77 0
81 79 0
83 103 42
84 59 92
84 76 0
84 132 0
86 1 86
86 105 0
87 91 27
87 103 0
88 17 35
91 19 15
91 28 0
91 86 0
91 110 0
92 98 39
92 110 0
92 116 0
93 94 12
93 130 0
94 43 64
95 101 67
95 102 0
96 61 28
97 2 86
99 128 89
100 23 30
100 118 0
102 45 26
102 56 0
104 31 64
104 69 0
106 17 73
107 18 20
107 33 0
107 84 0
109 134 16
111 44 15
111 47 0
114 25 51
114 37 0
116 27 65
116 105 0
119 76 56
119 132 0
121 7 10
121 75 0
121 114 0
121 131 0
122 1 10
122 54 0
123 132 76
125 112 27
128 107 37
129 17 22
130 43 94
130 72 0
131 81 26
132 3 17
132 104 0
134 48 31
135 78 28
135 91 0
135 92 0
