146 186
0 10 59
0 58 0
2 19 67
2 48 0
2 67 0
3 2 88
4 94 52
5 128 24
6 30 50
6 63 0
6 117 0
7 131 39
8 19 33
8 20 0
8 31 0
9 47 94
9 116 0
10 140 60
14 9 95
14 101 0
14 113 0
14 143 0
15 132 45
16 49 77
18 11 87
18 114 0
19 131 87
21 2 90
21 144 0
22 109 71
23 67 31
23 76 0
24 100 28
25 38 23
25 42 0
26 103 69
28 42 59
28 65 0
29 101 90
29 113 0
29 143 0
30 51 11
30 144 0
31 135 11
32 25 25
32 81 0
32 118 0
33 11 100
33 43 0
34 9 26
34 143 0
35 8 47
38 6 91
38 71 0
38 85 0
39 109 93
39 120 0
42 106 13
44 21 74
44 35 0
44 117 0
44 142 0
47 87 60
49 69 70
51 56 22
51 67 0
52 119 52
53 69 59
54 81 72
55 34 39
55 37 0
56 80 99
56 128 0
56 135 0
57 11 54
59 113 26
60 63 62
62 6 54
62 44 0
63 51 42
64 87 95
65 82 25
66 1 48
66 72 0
67 131 87
67 135 0
70 9 33
71 3 96
73 19 74
74 13 52
74 104 0
75 15 30
75 19 0
75 67 0
75 98 0
76 128 73
76 132 0
76 135 0
77 51 53
79 1 34
79 64 0
79 72 0
79 122 0
79 125 0
80 29 37
80 34 0
80 37 0
80 102 0
81 12 17
81 65 0
82 3 21
82 77 0
82 117 0
82 142 0
83 30 90
83 77 0
83 142 0
85 27 26
85 142 0
86 114 34
88 131 11
88 135 0
89 35 70
90 120 25
94 38 56
94 62 0
95 140 29
96 6 80
96 52 0
96 83 0
97 4 66
97 32 0
97 140 0
99 11 92
99 43 0
100 46 60
100 78 0
100 84 0
100 99 0
101 41 99
102 66 32
104 60 35
104 82 0
106 30 46
106 35 0
107 100 14
109 28 77
109 81 0
112 28 84
112 81 0
113 17 85
113 50 0
115 17 46
115 122 0
116 16 100
117 73 88
118 108 43
118 138 0
119 68 40
119 73 0
119 75 0
123 4 44
123 120 0
125 87 12
126 109 65
127 21 64
128 102 84
132 14 62
133 25 10
133 81 0
133 94 0
134 23 10
135 29 40
136 135 20
137 26 52
137 78 0
137 86 0
137 99 0
138 60 40
139 23 23
141 112 61
141 133 0
141 140 0
142 2 82
142 23 0
142 51 0
