151 226
0 64 86
0 111 0
0 148 0
1 66 48
2 107 15
3 81 61
4 55 36
7 103 73
8 16 25
8 30 0
9 134 80
9 144 0
11 115 56
12 135 98
14 83 16
14 85 0
15 28 61
15 39 0
15 73 0
15 84 0
15 120 0
16 109 16
17 18 62
17 80 0
17 114 0
20 89 98
20 110 0
21 7 26
22 5 57
22 44 0
22 67 0
23 51 29
23 73 0
24 36 74
25 73 60
25 102 0
25 117 0
27 3 87
27 26 0
27 91 0
27 144 0
29 74 68
29 87 0
29 149 0
32 89 81
32 103 0
33 36 34
34 116 63
34 129 0
35 62 50
36 25 62
36 82 0
36 83 0
36 85 0
37 56 46
37 82 0
37 83 0
38 122 28
39 150 82
40 99 18
40 123 0
41 16 38
42 143 36
43 121 14
43 127 0
44 46 43
45 147 83
46 43 27
46 66 0
46 138 0
48 17 90
48 119 0
49 22 30
49 99 0
49 124 0
49 140 0
50 81 37
52 31 87
52 84 0
52 102 0
53 97 64
54 7 71
55 9 11
56 60 88
56 84 0
56 102 0
58 16 84
58 30 0
59 25 93
59 52 0
59 82 0
59 94 0
59 136 0
61 36 59
61 59 0
62 98 75
63 33 20
63 109 0
64 20 80
64 32 0
64 100 0
65 55 54
66 101 74
67 1 73
67 46 0
68 150 59
69 122 73
70 98 83
71 1 16
72 123 62
72 140 0
73 150 11
74 41 79
74 115 0
74 116 0
74 129 0
75 42 57
75 86 0
75 88 0
75 93 0
76 71 68
76 113 0
78 24 12
78 109 0
79 71 30
80 27 89
82 39 26
82 51 0
82 60 0
83 28 19
83 60 0
85 120 13
86 106 28
86 143 0
87 41 46
87 115 0
87 129 0
89 105 30
90 86 97
90 93 0
92 50 48
92 53 0
92 96 0
94 31 60
94 84 0
95 65 71
97 49 51
97 69 0
99 67 25
99 71 0
99 112 0
100 10 14
101 62 84
101 145 0
102 150 42
103 75 54
103 90 0
103 126 0
104 42 85
104 45 0
104 86 0
104 93 0
104 142 0
105 45 44
107 141 34
108 145 37
109 14 58
109 141 0
110 126 66
110 128 0
111 100 76
114 9 19
114 47 0
114 139 0
115 2 79
115 30 0
118 145 73
121 70 21
123 112 27
124 44 77
124 71 0
125 95 66
126 42 43
126 125 0
126 142 0
127 145 76
128 93 13
128 125 0
130 62 43
130 145 0
131 12 77
133 3 82
133 26 0
133 96 0
135 13 93
136 60 61
136 73 0
136 84 0
136 102 0
137 9 91
137 47 0
137 92 0
137 139 0
138 101 43
138 121 0
138 127 0
138 130 0
138 131 0
139 26 39
139 134 0
140 44 33
140 112 0
140 113 0
141 23 58
141 85 0
141 136 0
143 4 11
143 119 0
144 97 65
145 98 91
146 41 72
146 115 0
147 57 49
148 6 27
149 8 30
149 115 0
