2360 2704
0 1 45
1 2 75
2 3 64
3 4 78
4 5 97
5 6 90
1 7 0
7 8 27
1 9 0
9 10 49
10 11 53
11 12 70
12 13 66
1 14 0
14 15 35
15 16 65
16 17 96
1 18 0
18 19 55
6 20 10
8 20 13
13 20 39
17 20 44
19 20 83
20 21 17
21 22 94
22 23 87
23 24 87
24 25 58
25 26 12
22 27 0
27 28 42
28 29 61
29 30 26
30 31 62
22 32 0
32 33 75
33 34 18
34 35 51
26 36 94
31 36 85
35 36 98
0 37 0
37 38 48
38 39 30
37 40 0
40 41 40
41 42 57
42 43 67
39 44 11
43 44 13
44 45 65
45 46 37
46 47 48
47 48 54
48 49 25
46 50 0
50 51 45
46 52 0
52 53 42
46 54 0
54 55 10
55 56 73
56 57 100
57 58 12
46 59 0
59 60 69
60 61 14
61 62 100
49 63 68
51 63 91
53 63 100
58 63 23
62 63 50
1 64 0
21 65 0
22 66 0
37 67 0
64 68 53
65 69 100
66 70 66
67 71 35
63 72 27
73 74 25
74 75 51
75 76 41
76 77 95
74 78 0
78 79 79
74 80 0
80 81 49
81 82 83
74 83 0
83 84 11
77 85 100
79 85 95
82 85 94
84 85 77
85 86 43
86 87 61
87 88 76
88 89 25
89 90 37
90 91 36
91 92 26
87 93 0
93 94 100
94 95 74
95 96 52
92 97 86
96 97 73
73 98 0
98 99 62
99 100 82
100 101 83
98 102 0
102 103 32
103 104 11
104 105 31
105 106 12
98 107 0
107 108 66
98 109 0
109 110 72
101 111 18
106 111 90
108 111 83
110 111 62
111 112 48
112 113 63
113 114 10
114 115 46
115 116 16
113 117 0
117 118 72
113 119 0
119 120 95
120 121 23
116 122 11
118 122 58
121 122 55
74 123 0
86 124 0
87 125 0
98 126 0
123 127 92
124 128 17
125 129 35
126 130 70
122 131 85
132 133 55
133 134 19
134 135 19
135 136 10
136 137 18
133 138 0
138 139 22
133 140 0
140 141 37
141 142 46
137 143 87
139 143 95
142 143 83
143 144 98
144 145 54
145 146 45
146 147 81
147 148 24
148 149 66
149 150 88
145 151 0
151 152 30
145 153 0
153 154 12
154 155 72
155 156 32
145 157 0
157 158 16
158 159 32
159 160 94
160 161 86
150 162 31
152 162 91
156 162 94
161 162 68
132 163 0
163 164 58
164 165 41
163 166 0
166 167 93
167 168 63
168 169 40
169 170 36
163 171 0
171 172 81
172 173 97
165 174 15
170 174 96
173 174 79
174 175 45
175 176 17
176 177 65
177 178 11
178 179 70
179 180 74
180 181 66
176 182 0
182 183 18
183 184 31
184 185 32
185 186 42
176 187 0
187 188 82
188 189 87
189 190 27
176 191 0
191 192 62
176 193 0
193 194 82
194 195 56
195 196 68
181 197 16
186 197 13
190 197 36
192 197 55
196 197 23
133 198 0
144 199 0
145 200 0
163 201 0
198 202 34
199 203 76
200 204 30
201 205 94
197 206 50
207 208 51
208 209 75
209 210 20
210 211 40
211 212 11
208 213 0
213 214 86
214 215 31
215 216 89
212 217 30
216 217 85
217 218 17
218 219 80
219 220 98
220 221 70
219 222 0
222 223 72
223 224 79
224 225 33
219 226 0
226 227 33
227 228 87
219 229 0
229 230 12
219 231 0
231 232 17
221 233 94
225 233 70
228 233 59
230 233 13
232 233 45
207 234 0
234 235 82
235 236 53
234 237 0
237 238 25
238 239 47
239 240 49
234 241 0
241 242 60
242 243 28
243 244 86
234 245 0
245 246 48
246 247 31
236 248 94
240 248 97
244 248 27
247 248 57
248 249 79
249 250 17
250 251 48
251 252 95
252 253 49
250 254 0
254 255 45
255 256 23
256 257 35
257 258 45
253 259 60
258 259 40
208 260 0
218 261 0
219 262 0
234 263 0
260 264 20
261 265 95
262 266 67
263 267 73
259 268 52
269 270 17
270 271 18
271 272 43
270 273 0
273 274 41
274 275 71
275 276 24
276 277 95
270 278 0
278 279 68
279 280 12
272 281 54
277 281 85
280 281 17
281 282 96
282 283 31
283 284 15
284 285 42
283 286 0
286 287 98
287 288 35
288 289 76
289 290 100
283 291 0
291 292 43
292 293 90
293 294 16
285 295 39
290 295 96
294 295 34
269 296 0
296 297 54
297 298 76
296 299 0
299 300 37
300 301 53
301 302 98
302 303 32
296 304 0
304 305 17
305 306 94
296 307 0
307 308 75
308 309 26
298 310 79
303 310 26
306 310 72
309 310 69
310 311 91
311 312 41
312 313 21
313 314 57
314 315 64
315 316 42
312 317 0
317 318 94
318 319 26
319 320 15
312 321 0
321 322 62
322 323 54
323 324 50
324 325 18
312 326 0
326 327 83
316 328 69
320 328 52
325 328 76
327 328 23
270 329 0
282 330 0
283 331 0
296 332 0
329 333 36
330 334 82
331 335 69
332 336 83
328 337 82
338 339 25
339 340 83
340 341 94
339 342 0
342 343 21
343 344 10
344 345 34
339 346 0
346 347 31
347 348 11
348 349 71
349 350 77
339 351 0
351 352 40
352 353 38
353 354 51
354 355 11
339 356 0
356 357 33
357 358 26
358 359 14
341 360 87
345 360 56
350 360 41
355 360 65
359 360 50
360 361 97
361 362 46
362 363 20
363 364 52
362 365 0
365 366 99
366 367 24
362 368 0
368 369 66
369 370 29
370 371 72
364 372 45
367 372 78
371 372 12
338 373 0
373 374 88
374 375 67
375 376 59
373 377 0
377 378 78
378 379 76
379 380 56
373 381 0
381 382 89
382 383 92
383 384 19
373 385 0
385 386 74
373 387 0
387 388 65
388 389 78
376 390 17
380 390 21
384 390 99
386 390 40
389 390 69
390 391 71
391 392 87
392 393 64
393 394 33
394 395 81
392 396 0
396 397 18
397 398 69
392 399 0
399 400 48
400 401 62
392 402 0
402 403 14
392 404 0
404 405 98
405 406 18
406 407 59
407 408 16
395 409 86
398 409 58
401 409 90
403 409 52
408 409 37
339 410 0
361 411 0
362 412 0
373 413 0
410 414 15
411 415 74
412 416 41
413 417 38
409 418 34
419 420 13
420 421 88
421 422 54
422 423 99
420 424 0
424 425 41
425 426 14
426 427 30
420 428 0
428 429 24
423 430 76
427 430 87
429 430 84
430 431 39
431 432 66
432 433 42
433 434 44
434 435 91
435 436 94
432 437 0
437 438 98
438 439 17
432 440 0
440 441 87
436 442 90
439 442 80
441 442 39
419 443 0
443 444 44
444 445 23
443 446 0
446 447 87
447 448 95
445 449 63
448 449 39
449 450 58
450 451 50
451 452 11
452 453 53
453 454 85
451 455 0
455 456 70
456 457 85
457 458 34
458 459 58
451 460 0
460 461 19
454 462 88
459 462 68
461 462 83
420 463 0
431 464 0
432 465 0
443 466 0
463 467 18
464 468 38
465 469 72
466 470 80
462 471 90
472 473 43
473 474 71
474 475 98
475 476 50
473 477 0
477 478 32
478 479 85
473 480 0
480 481 56
481 482 43
473 483 0
483 484 84
484 485 30
485 486 48
476 487 88
479 487 39
482 487 78
486 487 33
487 488 63
488 489 38
489 490 57
490 491 71
491 492 56
492 493 69
489 494 0
494 495 70
495 496 51
496 497 30
493 498 15
497 498 70
472 499 0
499 500 94
500 501 26
499 502 0
502 503 16
499 504 0
504 505 72
505 506 78
506 507 74
499 508 0
508 509 53
499 510 0
510 511 22
511 512 29
501 513 98
503 513 82
507 513 62
509 513 76
512 513 97
513 514 73
514 515 100
515 516 79
516 517 53
517 518 18
515 519 0
519 520 99
520 521 30
521 522 92
522 523 39
515 524 0
524 525 40
525 526 32
526 527 37
518 528 10
523 528 27
527 528 96
473 529 0
488 530 0
489 531 0
499 532 0
529 533 18
530 534 95
531 535 26
532 536 63
528 537 15
538 539 99
539 540 73
540 541 45
541 542 60
539 543 0
543 544 38
544 545 38
545 546 63
539 547 0
547 548 61
548 549 56
549 550 77
550 551 91
542 552 16
546 552 69
551 552 82
552 553 68
553 554 99
554 555 30
555 556 94
554 557 0
557 558 55
558 559 73
559 560 31
554 561 0
561 562 48
556 563 62
560 563 57
562 563 79
538 564 0
564 565 57
565 566 84
564 567 0
567 568 23
566 569 14
568 569 43
569 570 46
570 571 81
571 572 68
572 573 46
573 574 85
571 575 0
575 576 97
576 577 80
571 578 0
578 579 27
579 580 87
580 581 76
581 582 10
574 583 93
577 583 68
582 583 67
539 584 0
553 585 0
554 586 0
564 587 0
584 588 15
585 589 75
586 590 63
587 591 59
583 592 34
593 594 25
594 595 50
595 596 64
594 597 0
597 598 52
594 599 0
599 600 37
600 601 28
601 602 95
602 603 79
594 604 0
604 605 53
605 606 99
596 607 24
598 607 29
603 607 90
606 607 95
607 608 12
608 609 78
609 610 92
610 611 98
611 612 19
612 613 16
613 614 61
609 615 0
615 616 76
616 617 58
617 618 39
618 619 100
609 620 0
620 621 98
621 622 33
622 623 80
623 624 53
609 625 0
625 626 55
614 627 72
619 627 45
624 627 69
626 627 39
593 628 0
628 629 18
629 630 14
630 631 44
631 632 17
628 633 0
633 634 23
634 635 30
635 636 88
628 637 0
637 638 10
638 639 95
632 640 32
636 640 51
639 640 89
640 641 34
641 642 97
642 643 31
643 644 54
644 645 45
645 646 46
646 647 79
642 648 0
648 649 78
649 650 88
650 651 17
647 652 50
651 652 14
594 653 0
608 654 0
609 655 0
628 656 0
653 657 23
654 658 60
655 659 82
656 660 73
652 661 20
662 663 68
663 664 46
664 665 36
663 666 0
666 667 43
667 668 28
668 669 95
665 670 72
669 670 38
670 671 54
671 672 61
672 673 42
673 674 16
674 675 58
675 676 12
672 677 0
677 678 64
672 679 0
679 680 42
672 681 0
681 682 92
682 683 80
683 684 34
684 685 18
672 686 0
686 687 75
687 688 42
688 689 40
676 690 94
678 690 77
680 690 24
685 690 67
689 690 73
662 691 0
691 692 64
692 693 89
691 694 0
694 695 62
695 696 11
696 697 86
691 698 0
698 699 79
699 700 29
700 701 77
701 702 97
693 703 96
697 703 22
702 703 82
703 704 10
704 705 15
705 706 93
706 707 21
705 708 0
708 709 19
709 710 58
710 711 84
711 712 76
707 713 31
712 713 71
663 714 0
671 715 0
672 716 0
691 717 0
714 718 53
715 719 51
716 720 56
717 721 61
713 722 16
723 724 90
724 725 28
725 726 29
726 727 83
727 728 24
724 729 0
729 730 72
730 731 17
724 732 0
732 733 97
724 734 0
734 735 86
735 736 11
736 737 84
728 738 89
731 738 75
733 738 81
737 738 52
738 739 25
739 740 19
740 741 93
741 742 76
742 743 25
743 744 68
740 745 0
745 746 45
746 747 19
744 748 40
747 748 11
723 749 0
749 750 39
750 751 26
751 752 58
749 753 0
753 754 90
754 755 50
749 756 0
756 757 13
752 758 28
755 758 32
757 758 100
758 759 59
759 760 64
760 761 53
761 762 54
762 763 98
763 764 33
760 765 0
765 766 59
766 767 92
764 768 92
767 768 69
724 769 0
739 770 0
740 771 0
749 772 0
769 773 63
770 774 35
771 775 37
772 776 21
768 777 17
778 779 44
779 780 45
780 781 76
781 782 76
782 783 69
783 784 32
779 785 0
785 786 13
779 787 0
787 788 96
788 789 80
789 790 84
790 791 42
779 792 0
792 793 46
793 794 33
794 795 97
795 796 31
779 797 0
797 798 56
798 799 97
799 800 92
784 801 80
786 801 34
791 801 91
796 801 44
800 801 13
801 802 23
802 803 19
803 804 18
804 805 49
803 806 0
806 807 83
807 808 17
803 809 0
809 810 41
810 811 14
811 812 51
805 813 28
808 813 22
812 813 16
778 814 0
814 815 50
815 816 35
814 817 0
817 818 47
818 819 41
819 820 51
814 821 0
821 822 40
822 823 92
823 824 74
814 825 0
825 826 86
814 827 0
827 828 81
828 829 68
829 830 30
816 831 88
820 831 97
824 831 13
826 831 22
830 831 84
831 832 36
832 833 82
833 834 43
834 835 59
835 836 96
836 837 87
833 838 0
838 839 89
839 840 40
840 841 59
841 842 30
833 843 0
843 844 70
844 845 19
845 846 57
837 847 12
842 847 50
846 847 92
779 848 0
802 849 0
803 850 0
814 851 0
848 852 68
849 853 37
850 854 64
851 855 72
847 856 85
857 858 26
858 859 21
859 860 79
860 861 25
861 862 52
862 863 39
858 864 0
864 865 35
865 866 96
866 867 62
867 868 27
858 869 0
869 870 70
863 871 77
868 871 88
870 871 100
871 872 16
872 873 84
873 874 68
874 875 86
873 876 0
876 877 80
877 878 16
873 879 0
879 880 94
875 881 64
878 881 13
880 881 22
857 882 0
882 883 23
883 884 61
884 885 36
882 886 0
886 887 44
887 888 90
882 889 0
889 890 21
882 891 0
891 892 43
892 893 75
893 894 18
882 895 0
895 896 70
896 897 82
897 898 38
885 899 76
888 899 42
890 899 86
894 899 82
898 899 57
899 900 73
900 901 36
901 902 71
902 903 64
903 904 80
904 905 92
901 906 0
906 907 96
907 908 60
908 909 88
909 910 61
901 911 0
911 912 47
912 913 73
901 914 0
914 915 66
915 916 21
905 917 14
910 917 83
913 917 96
916 917 51
858 918 0
872 919 0
873 920 0
882 921 0
918 922 53
919 923 96
920 924 97
921 925 17
917 926 88
927 928 68
928 929 82
929 930 49
930 931 64
928 932 0
932 933 62
933 934 60
934 935 69
928 936 0
936 937 56
937 938 66
938 939 34
928 940 0
940 941 51
941 942 83
942 943 69
943 944 20
931 945 77
935 945 37
939 945 23
944 945 18
945 946 19
946 947 39
947 948 90
948 949 11
949 950 65
950 951 51
951 952 28
947 953 0
953 954 83
947 955 0
955 956 25
956 957 25
957 958 58
947 959 0
959 960 33
960 961 59
961 962 57
962 963 30
952 964 74
954 964 42
958 964 67
963 964 92
927 965 0
965 966 100
966 967 13
967 968 96
968 969 17
965 970 0
970 971 88
965 972 0
972 973 16
973 974 44
974 975 96
969 976 26
971 976 28
975 976 12
976 977 88
977 978 21
978 979 52
979 980 48
978 981 0
981 982 40
978 983 0
983 984 79
978 985 0
985 986 78
986 987 57
987 988 58
988 989 88
978 990 0
990 991 10
991 992 25
980 993 86
982 993 37
984 993 88
989 993 98
992 993 76
928 994 0
946 995 0
947 996 0
965 997 0
994 998 86
995 999 92
996 1000 20
997 1001 47
993 1002 75
1003 1004 86
1004 1005 30
1005 1006 16
1006 1007 75
1007 1008 36
1008 1009 10
1004 1010 0
1010 1011 42
1011 1012 18
1012 1013 89
1013 1014 66
1009 1015 30
1014 1015 92
1015 1016 25
1016 1017 65
1017 1018 30
1018 1019 50
1017 1020 0
1020 1021 94
1021 1022 34
1022 1023 33
1023 1024 83
1017 1025 0
1025 1026 34
1019 1027 46
1024 1027 93
1026 1027 73
1003 1028 0
1028 1029 92
1029 1030 71
1030 1031 84
1028 1032 0
1032 1033 23
1033 1034 47
1034 1035 90
1031 1036 89
1035 1036 92
1036 1037 28
1037 1038 45
1038 1039 42
1039 1040 40
1040 1041 56
1041 1042 67
1038 1043 0
1043 1044 78
1044 1045 14
1045 1046 35
1046 1047 98
1038 1048 0
1048 1049 53
1049 1050 95
1038 1051 0
1051 1052 17
1052 1053 71
1038 1054 0
1054 1055 21
1055 1056 10
1056 1057 43
1042 1058 100
1047 1058 86
1050 1058 81
1053 1058 33
1057 1058 20
1004 1059 0
1016 1060 0
1017 1061 0
1028 1062 0
1059 1063 48
1060 1064 29
1061 1065 38
1062 1066 53
1058 1067 100
1068 1069 15
1069 1070 92
1070 1071 31
1071 1072 73
1072 1073 37
1073 1074 78
1069 1075 0
1075 1076 18
1076 1077 29
1069 1078 0
1078 1079 54
1069 1080 0
1080 1081 68
1081 1082 93
1082 1083 52
1083 1084 18
1074 1085 46
1077 1085 20
1079 1085 96
1084 1085 63
1085 1086 63
1086 1087 67
1087 1088 70
1088 1089 89
1089 1090 58
1090 1091 37
1087 1092 0
1092 1093 31
1093 1094 49
1094 1095 94
1091 1096 73
1095 1096 49
1068 1097 0
1097 1098 28
1098 1099 87
1099 1100 48
1097 1101 0
1101 1102 33
1102 1103 93
1097 1104 0
1104 1105 67
1105 1106 45
1106 1107 56
1107 1108 35
1097 1109 0
1109 1110 27
1110 1111 15
1111 1112 94
1100 1113 36
1103 1113 60
1108 1113 29
1112 1113 12
1113 1114 47
1114 1115 56
1115 1116 95
1116 1117 92
1117 1118 55
1118 1119 98
1119 1120 35
1115 1121 0
1121 1122 51
1122 1123 66
1115 1124 0
1124 1125 17
1125 1126 90
1120 1127 64
1123 1127 26
1126 1127 36
1069 1128 0
1086 1129 0
1087 1130 0
1097 1131 0
1128 1132 27
1129 1133 61
1130 1134 76
1131 1135 59
1127 1136 42
1137 1138 12
1138 1139 15
1139 1140 72
1138 1141 0
1141 1142 100
1142 1143 55
1143 1144 51
1138 1145 0
1145 1146 17
1146 1147 37
1147 1148 60
1148 1149 52
1140 1150 81
1144 1150 37
1149 1150 49
1150 1151 37
1151 1152 24
1152 1153 43
1153 1154 41
1152 1155 0
1155 1156 73
1156 1157 52
1154 1158 70
1157 1158 65
1137 1159 0
1159 1160 66
1160 1161 41
1161 1162 75
1162 1163 52
1163 1164 70
1159 1165 0
1165 1166 93
1166 1167 59
1159 1168 0
1168 1169 55
1169 1170 30
1170 1171 44
1159 1172 0
1172 1173 78
1159 1174 0
1174 1175 12
1175 1176 21
1176 1177 31
1177 1178 39
1164 1179 34
1167 1179 48
1171 1179 46
1173 1179 81
1178 1179 100
1179 1180 65
1180 1181 48
1181 1182 88
1182 1183 59
1183 1184 15
1181 1185 0
1185 1186 36
1186 1187 30
1187 1188 35
1188 1189 14
1181 1190 0
1190 1191 36
1191 1192 46
1192 1193 62
1193 1194 26
1181 1195 0
1195 1196 38
1196 1197 60
1181 1198 0
1198 1199 68
1199 1200 36
1200 1201 94
1201 1202 67
1184 1203 76
1189 1203 39
1194 1203 30
1197 1203 67
1202 1203 19
1138 1204 0
1151 1205 0
1152 1206 0
1159 1207 0
1204 1208 52
1205 1209 20
1206 1210 83
1207 1211 63
1203 1212 82
1213 1214 37
1214 1215 61
1215 1216 47
1216 1217 37
1217 1218 86
1218 1219 11
1214 1220 0
1220 1221 10
1214 1222 0
1222 1223 42
1223 1224 50
1214 1225 0
1225 1226 11
1226 1227 89
1219 1228 20
1221 1228 13
1224 1228 96
1227 1228 52
1228 1229 47
1229 1230 17
1230 1231 22
1231 1232 96
1232 1233 56
1233 1234 32
1230 1235 0
1235 1236 98
1230 1237 0
1237 1238 70
1238 1239 70
1239 1240 74
1240 1241 93
1230 1242 0
1242 1243 74
1243 1244 77
1244 1245 99
1245 1246 90
1230 1247 0
1247 1248 31
1248 1249 82
1249 1250 46
1234 1251 90
1236 1251 91
1241 1251 52
1246 1251 44
1250 1251 77
1213 1252 0
1252 1253 57
1253 1254 79
1254 1255 56
1252 1256 0
1256 1257 75
1257 1258 77
1258 1259 50
1259 1260 86
1252 1261 0
1261 1262 21
1262 1263 100
1263 1264 58
1264 1265 25
1252 1266 0
1266 1267 48
1267 1268 48
1268 1269 19
1269 1270 22
1252 1271 0
1271 1272 82
1272 1273 35
1273 1274 86
1255 1275 94
1260 1275 63
1265 1275 88
1270 1275 84
1274 1275 37
1275 1276 78
1276 1277 64
1277 1278 58
1278 1279 76
1277 1280 0
1280 1281 63
1281 1282 85
1282 1283 95
1279 1284 74
1283 1284 57
1214 1285 0
1229 1286 0
1230 1287 0
1252 1288 0
1285 1289 38
1286 1290 44
1287 1291 28
1288 1292 10
1284 1293 36
1294 1295 84
1295 1296 67
1296 1297 23
1297 1298 66
1298 1299 22
1299 1300 51
1295 1301 0
1301 1302 11
1302 1303 21
1295 1304 0
1304 1305 19
1305 1306 56
1306 1307 83
1295 1308 0
1308 1309 49
1309 1310 67
1310 1311 42
1311 1312 47
1300 1313 39
1303 1313 97
1307 1313 77
1312 1313 16
1313 1314 74
1314 1315 70
1315 1316 38
1316 1317 40
1317 1318 85
1318 1319 25
1319 1320 69
1315 1321 0
1321 1322 58
1315 1323 0
1323 1324 82
1315 1325 0
1325 1326 16
1315 1327 0
1327 1328 66
1320 1329 44
1322 1329 31
1324 1329 52
1326 1329 45
1328 1329 60
1294 1330 0
1330 1331 50
1331 1332 53
1330 1333 0
1333 1334 89
1334 1335 78
1335 1336 94
1336 1337 76
1332 1338 17
1337 1338 35
1338 1339 96
1339 1340 93
1340 1341 76
1341 1342 63
1340 1343 0
1343 1344 34
1344 1345 44
1342 1346 39
1345 1346 27
1295 1347 0
1314 1348 0
1315 1349 0
1330 1350 0
1347 1351 81
1348 1352 99
1349 1353 17
1350 1354 11
1346 1355 36
1356 1357 93
1357 1358 95
1358 1359 76
1359 1360 16
1357 1361 0
1361 1362 38
1362 1363 58
1363 1364 17
1357 1365 0
1365 1366 58
1366 1367 13
1367 1368 31
1368 1369 24
1357 1370 0
1370 1371 28
1371 1372 21
1372 1373 47
1357 1374 0
1374 1375 27
1375 1376 31
1376 1377 20
1360 1378 15
1364 1378 54
1369 1378 92
1373 1378 45
1377 1378 59
1378 1379 41
1379 1380 81
1380 1381 88
1381 1382 63
1380 1383 0
1383 1384 50
1384 1385 16
1385 1386 85
1386 1387 18
1380 1388 0
1388 1389 96
1380 1390 0
1390 1391 96
1391 1392 12
1392 1393 56
1382 1394 28
1387 1394 34
1389 1394 28
1393 1394 24
1356 1395 0
1395 1396 88
1396 1397 59
1397 1398 21
1398 1399 48
1395 1400 0
1400 1401 11
1401 1402 62
1395 1403 0
1403 1404 85
1395 1405 0
1405 1406 68
1406 1407 26
1407 1408 82
1408 1409 96
1395 1410 0
1410 1411 31
1411 1412 44
1412 1413 74
1413 1414 82
1399 1415 34
1402 1415 54
1404 1415 45
1409 1415 57
1414 1415 57
1415 1416 14
1416 1417 87
1417 1418 35
1418 1419 89
1419 1420 91
1417 1421 0
1421 1422 56
1422 1423 60
1423 1424 81
1424 1425 62
1417 1426 0
1426 1427 64
1427 1428 80
1420 1429 44
1425 1429 35
1428 1429 45
1357 1430 0
1379 1431 0
1380 1432 0
1395 1433 0
1430 1434 79
1431 1435 77
1432 1436 44
1433 1437 98
1429 1438 34
1439 1440 24
1440 1441 69
1441 1442 46
1440 1443 0
1443 1444 81
1444 1445 42
1445 1446 10
1440 1447 0
1447 1448 85
1448 1449 30
1449 1450 18
1450 1451 68
1442 1452 97
1446 1452 91
1451 1452 84
1452 1453 52
1453 1454 81
1454 1455 15
1455 1456 90
1454 1457 0
1457 1458 83
1458 1459 23
1459 1460 71
1460 1461 46
1454 1462 0
1462 1463 91
1463 1464 40
1454 1465 0
1465 1466 17
1466 1467 21
1467 1468 89
1468 1469 96
1456 1470 66
1461 1470 24
1464 1470 11
1469 1470 66
1439 1471 0
1471 1472 61
1472 1473 44
1473 1474 15
1474 1475 84
1475 1476 76
1471 1477 0
1477 1478 53
1471 1479 0
1479 1480 23
1480 1481 95
1481 1482 80
1471 1483 0
1483 1484 28
1484 1485 48
1485 1486 12
1476 1487 81
1478 1487 35
1482 1487 18
1486 1487 49
1487 1488 13
1488 1489 65
1489 1490 25
1490 1491 31
1491 1492 17
1492 1493 84
1493 1494 30
1489 1495 0
1495 1496 87
1496 1497 93
1497 1498 71
1494 1499 28
1498 1499 68
1440 1500 0
1453 1501 0
1454 1502 0
1471 1503 0
1500 1504 65
1501 1505 83
1502 1506 75
1503 1507 15
1499 1508 79
1509 1510 86
1510 1511 32
1511 1512 77
1512 1513 85
1510 1514 0
1514 1515 100
1515 1516 95
1516 1517 75
1517 1518 65
1510 1519 0
1519 1520 36
1520 1521 67
1521 1522 68
1510 1523 0
1523 1524 72
1524 1525 95
1525 1526 10
1526 1527 42
1510 1528 0
1528 1529 36
1529 1530 34
1513 1531 25
1518 1531 50
1522 1531 78
1527 1531 75
1530 1531 89
1531 1532 95
1532 1533 13
1533 1534 12
1534 1535 24
1533 1536 0
1536 1537 16
1537 1538 19
1533 1539 0
1539 1540 21
1540 1541 31
1541 1542 50
1533 1543 0
1543 1544 31
1544 1545 31
1545 1546 43
1533 1547 0
1547 1548 75
1535 1549 22
1538 1549 19
1542 1549 22
1546 1549 95
1548 1549 92
1509 1550 0
1550 1551 41
1551 1552 35
1552 1553 65
1550 1554 0
1554 1555 40
1555 1556 60
1556 1557 20
1550 1558 0
1558 1559 73
1559 1560 74
1560 1561 89
1550 1562 0
1562 1563 22
1550 1564 0
1564 1565 95
1565 1566 83
1566 1567 81
1553 1568 25
1557 1568 59
1561 1568 10
1563 1568 84
1567 1568 77
1568 1569 18
1569 1570 76
1570 1571 22
1571 1572 100
1572 1573 100
1570 1574 0
1574 1575 100
1575 1576 26
1570 1577 0
1577 1578 70
1573 1579 23
1576 1579 55
1578 1579 32
1510 1580 0
1532 1581 0
1533 1582 0
1550 1583 0
1580 1584 45
1581 1585 51
1582 1586 40
1583 1587 56
1579 1588 42
1589 1590 41
1590 1591 59
1591 1592 74
1592 1593 44
1590 1594 0
1594 1595 33
1595 1596 51
1590 1597 0
1597 1598 12
1598 1599 89
1590 1600 0
1600 1601 11
1601 1602 35
1602 1603 97
1593 1604 50
1596 1604 55
1599 1604 72
1603 1604 30
1604 1605 57
1605 1606 20
1606 1607 53
1607 1608 92
1608 1609 48
1606 1610 0
1610 1611 45
1611 1612 58
1612 1613 70
1606 1614 0
1614 1615 63
1615 1616 53
1616 1617 12
1606 1618 0
1618 1619 97
1619 1620 34
1606 1621 0
1621 1622 70
1609 1623 47
1613 1623 26
1617 1623 21
1620 1623 49
1622 1623 27
1589 1624 0
1624 1625 75
1625 1626 66
1626 1627 76
1627 1628 52
1628 1629 78
1624 1630 0
1630 1631 80
1624 1632 0
1632 1633 28
1633 1634 63
1634 1635 92
1635 1636 95
1629 1637 42
1631 1637 90
1636 1637 12
1637 1638 28
1638 1639 75
1639 1640 11
1640 1641 83
1641 1642 38
1642 1643 74
1643 1644 59
1639 1645 0
1645 1646 79
1646 1647 83
1647 1648 85
1639 1649 0
1649 1650 94
1650 1651 100
1644 1652 33
1648 1652 62
1651 1652 88
1590 1653 0
1605 1654 0
1606 1655 0
1624 1656 0
1653 1657 70
1654 1658 76
1655 1659 91
1656 1660 14
1652 1661 27
1662 1663 42
1663 1664 28
1664 1665 14
1663 1666 0
1666 1667 50
1667 1668 73
1668 1669 52
1663 1670 0
1670 1671 59
1671 1672 31
1663 1673 0
1673 1674 83
1674 1675 55
1675 1676 79
1665 1677 57
1669 1677 63
1672 1677 15
1676 1677 12
1677 1678 47
1678 1679 37
1679 1680 50
1680 1681 90
1679 1682 0
1682 1683 38
1683 1684 99
1681 1685 78
1684 1685 75
1662 1686 0
1686 1687 56
1687 1688 42
1688 1689 22
1689 1690 93
1690 1691 25
1686 1692 0
1692 1693 89
1686 1694 0
1694 1695 77
1695 1696 81
1696 1697 69
1686 1698 0
1698 1699 14
1699 1700 41
1686 1701 0
1701 1702 87
1702 1703 16
1703 1704 26
1704 1705 69
1691 1706 83
1693 1706 87
1697 1706 91
1700 1706 68
1705 1706 74
1706 1707 44
1707 1708 97
1708 1709 78
1709 1710 87
1710 1711 71
1711 1712 38
1712 1713 56
1708 1714 0
1714 1715 11
1708 1716 0
1716 1717 51
1717 1718 29
1718 1719 82
1708 1720 0
1720 1721 85
1708 1722 0
1722 1723 33
1723 1724 34
1724 1725 52
1713 1726 40
1715 1726 43
1719 1726 63
1721 1726 98
1725 1726 38
1663 1727 0
1678 1728 0
1679 1729 0
1686 1730 0
1727 1731 41
1728 1732 22
1729 1733 27
1730 1734 97
1726 1735 18
1736 1737 27
1737 1738 20
1738 1739 84
1737 1740 0
1740 1741 42
1741 1742 80
1737 1743 0
1743 1744 48
1744 1745 35
1745 1746 41
1739 1747 72
1742 1747 69
1746 1747 35
1747 1748 53
1748 1749 16
1749 1750 16
1750 1751 74
1751 1752 54
1752 1753 90
1753 1754 43
1749 1755 0
1755 1756 41
1756 1757 26
1749 1758 0
1758 1759 33
1759 1760 100
1749 1761 0
1761 1762 44
1762 1763 99
1763 1764 87
1764 1765 24
1749 1766 0
1766 1767 32
1767 1768 69
1754 1769 49
1757 1769 60
1760 1769 37
1765 1769 69
1768 1769 60
1736 1770 0
1770 1771 95
1771 1772 96
1770 1773 0
1773 1774 65
1774 1775 46
1775 1776 20
1776 1777 62
1770 1778 0
1778 1779 56
1779 1780 97
1780 1781 25
1772 1782 21
1777 1782 100
1781 1782 56
1782 1783 36
1783 1784 75
1784 1785 14
1785 1786 44
1786 1787 61
1787 1788 45
1788 1789 16
1784 1790 0
1790 1791 65
1791 1792 77
1792 1793 32
1784 1794 0
1794 1795 19
1784 1796 0
1796 1797 76
1797 1798 34
1784 1799 0
1799 1800 16
1800 1801 58
1801 1802 55
1789 1803 92
1793 1803 99
1795 1803 90
1798 1803 75
1802 1803 10
1737 1804 0
1748 1805 0
1749 1806 0
1770 1807 0
1804 1808 94
1805 1809 53
1806 1810 75
1807 1811 23
1803 1812 91
1813 1814 20
1814 1815 73
1815 1816 54
1816 1817 99
1814 1818 0
1818 1819 87
1814 1820 0
1820 1821 13
1821 1822 96
1822 1823 65
1823 1824 72
1814 1825 0
1825 1826 43
1814 1827 0
1827 1828 54
1828 1829 42
1829 1830 63
1817 1831 30
1819 1831 55
1824 1831 50
1826 1831 59
1830 1831 42
1831 1832 82
1832 1833 36
1833 1834 28
1834 1835 60
1835 1836 97
1836 1837 71
1833 1838 0
1838 1839 93
1839 1840 30
1840 1841 71
1833 1842 0
1842 1843 19
1843 1844 54
1844 1845 41
1833 1846 0
1846 1847 28
1837 1848 40
1841 1848 30
1845 1848 93
1847 1848 93
1813 1849 0
1849 1850 35
1850 1851 93
1851 1852 11
1852 1853 65
1853 1854 43
1849 1855 0
1855 1856 19
1854 1857 70
1856 1857 72
1857 1858 98
1858 1859 44
1859 1860 70
1860 1861 54
1861 1862 86
1862 1863 14
1859 1864 0
1864 1865 89
1865 1866 15
1859 1867 0
1867 1868 39
1868 1869 50
1869 1870 44
1870 1871 74
1859 1872 0
1872 1873 30
1873 1874 90
1874 1875 30
1875 1876 52
1863 1877 64
1866 1877 81
1871 1877 67
1876 1877 73
1814 1878 0
1832 1879 0
1833 1880 0
1849 1881 0
1878 1882 59
1879 1883 34
1880 1884 68
1881 1885 39
1877 1886 55
1887 1888 11
1888 1889 78
1889 1890 72
1890 1891 33
1888 1892 0
1892 1893 17
1893 1894 30
1894 1895 82
1888 1896 0
1896 1897 23
1888 1898 0
1898 1899 33
1899 1900 38
1900 1901 61
1891 1902 62
1895 1902 14
1897 1902 23
1901 1902 31
1902 1903 10
1903 1904 31
1904 1905 42
1905 1906 59
1906 1907 76
1907 1908 95
1904 1909 0
1909 1910 73
1910 1911 79
1911 1912 37
1908 1913 100
1912 1913 91
1887 1914 0
1914 1915 89
1915 1916 100
1916 1917 17
1917 1918 76
1918 1919 70
1914 1920 0
1920 1921 78
1921 1922 52
1914 1923 0
1923 1924 44
1924 1925 77
1925 1926 38
1926 1927 45
1914 1928 0
1928 1929 82
1929 1930 62
1930 1931 18
1931 1932 95
1919 1933 40
1922 1933 74
1927 1933 10
1932 1933 38
1933 1934 38
1934 1935 40
1935 1936 64
1936 1937 85
1935 1938 0
1938 1939 90
1939 1940 61
1940 1941 17
1941 1942 67
1937 1943 86
1942 1943 44
1888 1944 0
1903 1945 0
1904 1946 0
1914 1947 0
1944 1948 40
1945 1949 31
1946 1950 51
1947 1951 55
1943 1952 56
1953 1954 92
1954 1955 41
1955 1956 56
1954 1957 0
1957 1958 36
1958 1959 41
1954 1960 0
1960 1961 86
1961 1962 58
1956 1963 62
1959 1963 88
1962 1963 76
1963 1964 46
1964 1965 49
1965 1966 86
1966 1967 67
1967 1968 33
1968 1969 31
1965 1970 0
1970 1971 21
1971 1972 63
1972 1973 80
1965 1974 0
1974 1975 19
1965 1976 0
1976 1977 18
1977 1978 32
1969 1979 55
1973 1979 68
1975 1979 57
1978 1979 37
1953 1980 0
1980 1981 28
1981 1982 92
1982 1983 50
1983 1984 70
1980 1985 0
1985 1986 36
1986 1987 16
1984 1988 97
1987 1988 69
1988 1989 60
1989 1990 45
1990 1991 35
1991 1992 10
1990 1993 0
1993 1994 10
1990 1995 0
1995 1996 68
1996 1997 11
1990 1998 0
1998 1999 44
1999 2000 22
2000 2001 43
2001 2002 50
1992 2003 91
1994 2003 39
1997 2003 90
2002 2003 84
1954 2004 0
1964 2005 0
1965 2006 0
1980 2007 0
2004 2008 68
2005 2009 84
2006 2010 54
2007 2011 47
2003 2012 16
2013 2014 84
2014 2015 92
2015 2016 63
2016 2017 65
2017 2018 41
2014 2019 0
2019 2020 59
2018 2021 47
2020 2021 60
2021 2022 58
2022 2023 17
2023 2024 50
2024 2025 100
2025 2026 56
2026 2027 94
2027 2028 82
2023 2029 0
2029 2030 30
2030 2031 83
2023 2032 0
2032 2033 88
2033 2034 89
2034 2035 31
2035 2036 38
2023 2037 0
2037 2038 85
2038 2039 65
2039 2040 56
2028 2041 47
2031 2041 33
2036 2041 88
2040 2041 69
2013 2042 0
2042 2043 27
2043 2044 35
2044 2045 18
2042 2046 0
2046 2047 88
2042 2048 0
2048 2049 53
2049 2050 53
2050 2051 51
2051 2052 66
2042 2053 0
2053 2054 19
2054 2055 67
2055 2056 44
2056 2057 96
2045 2058 26
2047 2058 27
2052 2058 59
2057 2058 48
2058 2059 31
2059 2060 80
2060 2061 94
2061 2062 63
2062 2063 28
2063 2064 65
2064 2065 55
2060 2066 0
2066 2067 95
2067 2068 84
2068 2069 19
2069 2070 33
2060 2071 0
2071 2072 81
2072 2073 79
2073 2074 28
2060 2075 0
2075 2076 40
2076 2077 38
2065 2078 62
2070 2078 65
2074 2078 68
2077 2078 88
2014 2079 0
2022 2080 0
2023 2081 0
2042 2082 0
2079 2083 29
2080 2084 26
2081 2085 67
2082 2086 37
2078 2087 44
2088 2089 49
2089 2090 85
2090 2091 61
2091 2092 88
2089 2093 0
2093 2094 11
2092 2095 91
2094 2095 78
2095 2096 17
2096 2097 76
2097 2098 91
2098 2099 30
2099 2100 79
2097 2101 0
2101 2102 57
2100 2103 68
2102 2103 32
2088 2104 0
2104 2105 30
2105 2106 32
2106 2107 32
2107 2108 26
2108 2109 12
2104 2110 0
2110 2111 34
2111 2112 50
2112 2113 37
2113 2114 12
2104 2115 0
2115 2116 51
2104 2117 0
2117 2118 91
2118 2119 100
2119 2120 72
2104 2121 0
2121 2122 58
2122 2123 73
2123 2124 30
2124 2125 26
2109 2126 55
2114 2126 20
2116 2126 16
2120 2126 41
2125 2126 44
2126 2127 72
2127 2128 60
2128 2129 48
2129 2130 14
2130 2131 83
2131 2132 80
2128 2133 0
2133 2134 70
2134 2135 33
2132 2136 43
2135 2136 68
2089 2137 0
2096 2138 0
2097 2139 0
2104 2140 0
2137 2141 14
2138 2142 16
2139 2143 33
2140 2144 24
2136 2145 97
2146 2147 33
2147 2148 56
2148 2149 21
2149 2150 67
2147 2151 0
2151 2152 91
2152 2153 60
2153 2154 34
2154 2155 67
2147 2156 0
2156 2157 82
2157 2158 15
2158 2159 79
2147 2160 0
2160 2161 63
2161 2162 96
2162 2163 16
2150 2164 12
2155 2164 22
2159 2164 51
2163 2164 45
2164 2165 80
2165 2166 24
2166 2167 88
2167 2168 87
2168 2169 15
2169 2170 72
2166 2171 0
2171 2172 52
2172 2173 70
2166 2174 0
2174 2175 79
2175 2176 82
2176 2177 29
2177 2178 12
2166 2179 0
2179 2180 18
2180 2181 55
2181 2182 37
2166 2183 0
2183 2184 49
2170 2185 60
2173 2185 27
2178 2185 92
2182 2185 28
2184 2185 13
2146 2186 0
2186 2187 98
2187 2188 95
2188 2189 37
2189 2190 84
2186 2191 0
2191 2192 17
2192 2193 62
2193 2194 54
2190 2195 45
2194 2195 51
2195 2196 47
2196 2197 28
2197 2198 73
2198 2199 50
2197 2200 0
2200 2201 33
2201 2202 89
2202 2203 89
2197 2204 0
2204 2205 50
2205 2206 71
2197 2207 0
2207 2208 20
2208 2209 88
2197 2210 0
2210 2211 36
2211 2212 54
2199 2213 60
2203 2213 47
2206 2213 82
2209 2213 75
2212 2213 32
2147 2214 0
2165 2215 0
2166 2216 0
2186 2217 0
2214 2218 99
2215 2219 68
2216 2220 71
2217 2221 78
2213 2222 72
2223 2224 29
2224 2225 60
2225 2226 80
2226 2227 96
2227 2228 91
2224 2229 0
2229 2230 93
2224 2231 0
2231 2232 63
2232 2233 99
2224 2234 0
2234 2235 82
2224 2236 0
2236 2237 21
2237 2238 54
2238 2239 83
2239 2240 83
2228 2241 16
2230 2241 46
2233 2241 94
2235 2241 34
2240 2241 98
2241 2242 62
2242 2243 24
2243 2244 14
2244 2245 24
2245 2246 81
2243 2247 0
2247 2248 40
2248 2249 73
2249 2250 98
2250 2251 87
2243 2252 0
2252 2253 26
2243 2254 0
2254 2255 75
2255 2256 87
2256 2257 32
2257 2258 28
2246 2259 85
2251 2259 68
2253 2259 67
2258 2259 16
2223 2260 0
2260 2261 73
2261 2262 15
2260 2263 0
2263 2264 77
2264 2265 63
2265 2266 19
2266 2267 59
2260 2268 0
2268 2269 15
2260 2270 0
2270 2271 57
2271 2272 69
2272 2273 59
2273 2274 44
2262 2275 24
2267 2275 63
2269 2275 54
2274 2275 53
2275 2276 10
2276 2277 12
2277 2278 21
2278 2279 42
2277 2280 0
2280 2281 67
2281 2282 62
2277 2283 0
2283 2284 83
2284 2285 15
2285 2286 20
2286 2287 21
2277 2288 0
2288 2289 80
2289 2290 32
2290 2291 78
2291 2292 19
2277 2293 0
2293 2294 89
2294 2295 44
2279 2296 83
2282 2296 100
2287 2296 32
2292 2296 76
2295 2296 67
2224 2297 0
2242 2298 0
2243 2299 0
2260 2300 0
2297 2301 38
2298 2302 61
2299 2303 14
2300 2304 13
2296 2305 42
2306 2307 22
2307 2308 48
2308 2309 52
2309 2310 27
2310 2311 53
2307 2312 0
2312 2313 24
2307 2314 0
2314 2315 37
2315 2316 55
2316 2317 30
2311 2318 24
2313 2318 35
2317 2318 15
2318 2319 51
2319 2320 70
2320 2321 99
2321 2322 56
2320 2323 0
2323 2324 62
2322 2325 52
2324 2325 94
2306 2326 0
2326 2327 86
2327 2328 90
2328 2329 81
2329 2330 68
2330 2331 49
2326 2332 0
2332 2333 98
2333 2334 30
2334 2335 69
2335 2336 45
2326 2337 0
2337 2338 73
2338 2339 82
2326 2340 0
2340 2341 27
2331 2342 100
2336 2342 60
2339 2342 99
2341 2342 58
2342 2343 77
2343 2344 70
2344 2345 56
2345 2346 12
2344 2347 0
2347 2348 14
2346 2349 28
2348 2349 77
2307 2350 0
2319 2351 0
2320 2352 0
2326 2353 0
2350 2354 22
2351 2355 55
2352 2356 46
2353 2357 12
2349 2358 78
72 2359 54
131 2359 31
206 2359 19
268 2359 44
337 2359 77
418 2359 88
471 2359 57
537 2359 70
592 2359 91
661 2359 97
722 2359 75
777 2359 48
856 2359 21
926 2359 29
1002 2359 77
1067 2359 16
1136 2359 16
1212 2359 89
1293 2359 100
1355 2359 24
1438 2359 52
1508 2359 12
1588 2359 98
1661 2359 36
1735 2359 49
1812 2359 75
1886 2359 11
1952 2359 68
2012 2359 71
2087 2359 93
2145 2359 50
2222 2359 49
2305 2359 49
2358 2359 37
