2360 2704
0 34 84
34 102 55
102 416 62
416 730 46
730 915 100
915 1048 21
34 103 0
103 417 11
34 104 0
104 418 76
418 731 44
731 916 65
916 1049 48
34 105 0
105 419 45
419 732 45
732 917 56
34 106 0
106 420 10
1048 1138 45
417 1138 36
1049 1138 39
917 1138 63
420 1138 60
1138 1211 24
1211 1307 81
1307 1494 73
1494 1774 64
1774 2000 45
2000 2141 92
1307 1495 0
1495 1775 58
1775 2001 27
2001 2142 88
2142 2245 33
1307 1496 0
1496 1776 66
1776 2002 41
2002 2143 68
2141 2308 34
2245 2308 10
2143 2308 16
0 35 0
35 108 47
108 422 17
35 109 0
109 423 78
423 733 80
733 918 10
422 1050 93
918 1050 36
1050 1139 56
1139 1212 98
1212 1309 96
1309 1499 84
1499 1778 91
1212 1310 0
1310 1500 77
1212 1311 0
1311 1501 72
1212 1312 0
1312 1502 12
1502 1779 76
1779 2003 31
2003 2144 64
1212 1313 0
1313 1503 37
1503 1780 27
1780 2004 55
1778 2246 46
1500 2246 32
1501 2246 67
2144 2246 25
2004 2246 63
34 107 0
1211 1308 0
1307 1497 0
35 110 0
107 421 13
1308 1498 13
1497 1777 15
110 424 91
2246 2309 49
1 36 37
36 111 36
111 425 91
425 734 73
36 112 0
112 426 91
36 113 0
113 427 42
427 735 11
36 114 0
114 428 22
734 919 83
426 919 41
735 919 88
428 919 56
919 1051 24
1051 1140 27
1140 1213 75
1213 1314 69
1314 1504 34
1504 1781 44
1781 2005 56
1140 1214 0
1214 1315 35
1315 1505 14
1505 1782 19
2005 2145 38
1782 2145 27
1 37 0
37 116 19
116 430 24
430 736 73
37 117 0
117 431 26
431 737 32
737 920 17
920 1052 27
37 118 0
118 432 49
37 119 0
119 433 17
736 1142 99
1052 1142 69
432 1142 97
433 1142 32
1142 1217 79
1217 1317 40
1317 1506 53
1506 1783 46
1783 2006 17
1317 1507 0
1507 1784 23
1317 1508 0
1508 1785 80
1785 2007 98
2006 2146 74
1784 2146 29
2007 2146 72
36 115 0
1051 1141 0
1140 1215 0
37 120 0
115 429 60
1141 1216 58
1215 1316 35
120 434 40
2146 2247 63
2 38 34
38 121 39
121 435 24
435 738 100
738 921 96
38 122 0
122 436 95
38 123 0
123 437 15
437 739 85
921 1053 43
436 1053 43
739 1053 29
1053 1143 44
1143 1218 37
1218 1318 33
1318 1509 92
1509 1786 44
1786 2008 33
2008 2147 12
1218 1319 0
1319 1510 24
1218 1320 0
1320 1511 73
1511 1787 75
1787 2009 67
1218 1321 0
1321 1512 10
1512 1788 43
1788 2010 77
2010 2148 82
2147 2248 34
1510 2248 75
2009 2248 70
2148 2248 73
2 39 0
39 125 73
125 439 81
39 126 0
126 440 81
440 740 40
740 922 84
922 1054 85
39 127 0
127 441 52
441 741 92
439 1144 26
1054 1144 88
741 1144 71
1144 1220 39
1220 1324 99
1324 1514 32
1514 1789 56
1789 2011 90
2011 2149 51
2149 2249 63
1324 1515 0
1515 1790 65
1790 2012 73
2012 2150 82
2150 2250 77
1324 1516 0
1516 1791 22
1791 2013 40
2013 2151 54
1324 1517 0
1517 1792 22
1324 1518 0
1518 1793 35
1793 2014 15
2014 2152 58
2249 2310 100
2250 2310 11
2151 2310 62
1792 2310 29
2152 2310 15
38 124 0
1143 1219 0
1218 1322 0
39 128 0
124 438 59
1219 1323 49
1322 1513 46
128 442 87
2310 2345 67
3 40 60
40 129 61
129 443 26
443 742 35
742 923 28
40 130 0
130 444 79
444 743 14
743 924 96
923 1055 77
924 1055 11
1055 1145 77
1145 1221 29
1221 1325 60
1325 1519 49
1221 1326 0
1326 1520 61
1520 1794 51
1794 2015 73
1221 1327 0
1327 1521 12
1521 1795 83
1221 1328 0
1328 1522 72
1221 1329 0
1329 1523 75
1519 2153 78
2015 2153 95
1795 2153 17
1522 2153 26
1523 2153 91
3 41 0
41 132 66
132 446 27
41 133 0
133 447 92
447 744 58
744 925 49
41 134 0
134 448 87
448 745 44
745 926 83
41 135 0
135 449 73
449 746 93
446 1056 57
925 1056 14
926 1056 79
746 1056 89
1056 1146 69
1146 1223 36
1223 1332 69
1332 1525 75
1525 1796 26
1223 1333 0
1333 1526 12
1526 1797 77
1797 2016 59
2016 2154 12
1796 2251 15
2154 2251 97
40 131 0
1145 1222 0
1221 1330 0
41 136 0
131 445 31
1222 1331 13
1330 1524 41
136 450 63
2251 2311 68
4 42 58
42 137 90
137 451 33
42 138 0
138 452 84
452 747 28
747 927 82
927 1057 36
42 139 0
139 453 85
453 748 86
451 1147 18
1057 1147 80
748 1147 37
1147 1224 88
1224 1334 86
1334 1527 71
1527 1798 72
1334 1528 0
1528 1799 69
1799 2017 67
2017 2155 50
2155 2252 21
1334 1529 0
1529 1800 72
1800 2018 67
2018 2156 18
1798 2312 32
2252 2312 12
2156 2312 53
4 43 0
43 141 57
141 455 36
43 142 0
142 456 23
456 749 92
749 928 91
928 1058 27
43 143 0
143 457 37
457 750 24
43 144 0
144 458 49
458 751 55
455 1148 36
1058 1148 29
750 1148 18
751 1148 68
1148 1225 66
1225 1336 25
1336 1532 20
1532 1802 19
1802 2019 15
2019 2157 49
1336 1533 0
1533 1803 88
1803 2020 100
2020 2158 95
1336 1534 0
1534 1804 83
1804 2021 46
2021 2159 97
2159 2253 14
1336 1535 0
1535 1805 45
2157 2313 73
2158 2313 93
2253 2313 68
1805 2313 30
42 140 0
1224 1335 0
1334 1530 0
43 145 0
140 454 68
1335 1531 59
1530 1801 92
145 459 79
2313 2346 31
5 44 13
44 146 45
146 460 94
44 147 0
147 461 43
461 752 29
752 929 16
44 148 0
148 462 72
462 753 12
753 930 75
930 1059 84
44 149 0
149 463 83
463 754 11
754 931 32
931 1060 89
44 150 0
150 464 90
464 755 100
755 932 49
460 1149 80
929 1149 15
1059 1149 35
1060 1149 28
932 1149 33
1149 1226 25
1226 1337 76
1337 1536 15
1536 1806 99
1337 1537 0
1537 1807 44
1807 2022 65
1337 1538 0
1538 1808 80
1808 2023 70
2023 2160 16
1806 2254 28
2022 2254 70
2160 2254 97
5 45 0
45 152 10
152 466 44
466 756 16
45 153 0
153 467 53
467 757 55
757 933 64
45 154 0
154 468 61
468 758 94
758 934 39
45 155 0
155 469 12
45 156 0
156 470 49
470 759 23
756 1061 26
933 1061 41
934 1061 100
469 1061 34
759 1061 86
1061 1150 92
1150 1227 44
1227 1339 89
1339 1541 90
1541 1810 87
1227 1340 0
1340 1542 27
1542 1811 63
1227 1341 0
1341 1543 61
1543 1812 89
1227 1342 0
1342 1544 25
1227 1343 0
1343 1545 60
1545 1813 47
1813 2024 50
2024 2161 19
1810 2255 17
1811 2255 76
1812 2255 21
1544 2255 50
2161 2255 62
44 151 0
1226 1338 0
1337 1539 0
45 157 0
151 465 76
1338 1540 84
1539 1809 87
157 471 61
2255 2314 15
6 46 54
46 158 39
158 472 11
472 760 17
46 159 0
159 473 90
473 761 70
761 935 31
46 160 0
160 474 72
760 1062 38
935 1062 40
474 1062 56
1062 1151 61
1151 1228 45
1228 1344 53
1344 1546 75
1546 1814 67
1814 2025 12
1228 1345 0
1345 1547 92
1547 1815 34
1228 1346 0
1346 1548 80
2025 2162 73
1815 2162 21
1548 2162 15
6 47 0
47 162 95
162 476 100
47 163 0
163 477 57
477 762 89
476 936 57
762 936 67
936 1063 42
1063 1152 25
1152 1230 19
1230 1349 41
1349 1550 60
1152 1231 0
1231 1350 64
1350 1551 39
1551 1816 50
1816 2026 83
1152 1232 0
1232 1351 15
1550 2163 72
2026 2163 68
1351 2163 53
46 161 0
1151 1229 0
1228 1347 0
47 164 0
161 475 97
1229 1348 43
1347 1549 70
164 478 66
2163 2256 36
7 48 38
48 165 26
165 479 98
479 763 58
48 166 0
166 480 11
480 764 13
48 167 0
167 481 42
481 765 66
48 168 0
168 482 63
482 766 88
766 937 91
763 1064 13
764 1064 56
765 1064 45
937 1064 62
1064 1153 81
1153 1233 66
1233 1352 16
1352 1552 12
1552 1817 83
1817 2027 59
1233 1353 0
1353 1553 56
1553 1818 54
1818 2028 30
2027 2164 84
2028 2164 88
7 49 0
49 170 55
170 484 83
49 171 0
171 485 67
49 172 0
172 486 72
486 767 59
767 938 76
49 173 0
173 487 21
49 174 0
174 488 48
488 768 71
484 1065 24
485 1065 57
938 1065 34
487 1065 81
768 1065 77
1065 1154 21
1154 1235 99
1235 1356 44
1356 1555 86
1555 1819 98
1235 1357 0
1357 1556 97
1556 1820 25
1820 2029 66
2029 2165 69
1235 1358 0
1358 1557 73
1557 1821 49
1821 2030 90
1819 2257 95
2165 2257 99
2030 2257 76
48 169 0
1153 1234 0
1233 1354 0
49 175 0
169 483 39
1234 1355 91
1354 1554 20
175 489 89
2257 2315 77
8 50 78
50 176 80
176 490 19
490 769 14
50 177 0
177 491 48
491 770 44
770 939 21
50 178 0
178 492 56
492 771 43
771 940 44
940 1066 23
769 1155 18
939 1155 90
1066 1155 64
1155 1236 22
1236 1359 93
1359 1558 21
1558 1822 78
1359 1559 0
1559 1823 51
1823 2031 70
2031 2166 25
1359 1560 0
1560 1824 10
1822 2258 83
2166 2258 36
1824 2258 15
8 51 0
51 180 46
180 494 21
51 181 0
181 495 95
494 772 96
495 772 63
772 941 88
941 1067 67
1067 1156 69
1156 1237 18
1237 1361 10
1067 1157 0
1157 1238 43
1238 1362 41
1067 1158 0
1158 1239 47
1239 1363 48
1363 1563 43
1563 1826 42
1361 2032 53
1362 2032 42
1826 2032 68
50 179 0
1236 1360 0
1359 1561 0
51 182 0
179 493 61
1360 1562 80
1561 1825 16
182 496 84
2032 2167 72
9 52 21
52 183 53
183 497 42
52 184 0
184 498 31
52 185 0
185 499 93
499 773 47
773 942 68
942 1068 66
52 186 0
186 500 65
500 774 95
497 1159 92
498 1159 33
1068 1159 92
774 1159 94
1159 1240 74
1240 1364 72
1364 1564 83
1564 1827 89
1827 2033 56
2033 2168 28
2168 2259 87
1364 1565 0
1565 1828 70
1828 2034 74
2034 2169 66
2169 2260 19
1364 1566 0
1566 1829 53
1829 2035 98
2035 2170 69
2170 2261 42
1364 1567 0
1567 1830 27
2259 2316 21
2260 2316 28
2261 2316 43
1830 2316 68
9 53 0
53 188 96
188 502 38
502 775 34
775 943 38
53 189 0
189 503 69
503 776 23
776 944 40
53 190 0
190 504 78
504 777 75
943 1069 31
944 1069 53
777 1069 35
1069 1160 45
1160 1241 70
1241 1366 47
1366 1570 39
1570 1832 89
1832 2036 39
2036 2171 34
1241 1367 0
1367 1571 26
1571 1833 11
1833 2037 45
2171 2262 82
2037 2262 41
52 187 0
1240 1365 0
1364 1568 0
53 191 0
187 501 15
1365 1569 54
1568 1831 83
191 505 89
2262 2317 13
10 54 33
54 192 68
192 506 63
54 193 0
193 507 54
507 778 84
778 945 52
506 1070 49
945 1070 50
1070 1161 64
1161 1242 77
1242 1368 12
1368 1572 16
1572 1834 23
1834 2038 17
1242 1369 0
1369 1573 83
1242 1370 0
1370 1574 30
1242 1371 0
1371 1575 39
1575 1835 46
1835 2039 49
2039 2172 26
1242 1372 0
1372 1576 26
1576 1836 90
1836 2040 58
2038 2263 98
1573 2263 35
1574 2263 24
2172 2263 39
2040 2263 38
10 55 0
55 195 97
195 509 49
55 196 0
196 510 20
510 779 19
779 946 46
55 197 0
197 511 79
511 780 90
780 947 45
947 1071 100
509 1162 90
946 1162 14
1071 1162 95
1162 1244 46
1244 1375 41
1375 1578 21
1578 1837 72
1375 1579 0
1579 1838 23
1838 2041 70
2041 2173 59
2173 2264 54
1837 2318 66
2264 2318 82
54 194 0
1161 1243 0
1242 1373 0
55 198 0
194 508 34
1243 1374 88
1373 1577 27
198 512 43
2318 2347 48
11 56 39
56 199 85
199 513 81
513 781 28
781 948 46
56 200 0
200 514 87
514 782 11
56 201 0
201 515 47
56 202 0
202 516 45
516 783 67
783 949 32
948 1072 97
782 1072 35
515 1072 66
949 1072 84
1072 1163 24
1163 1245 25
1245 1376 92
1376 1580 47
1580 1839 81
1839 2042 43
1245 1377 0
1377 1581 78
1581 1840 45
2042 2174 34
1840 2174 73
11 57 0
57 204 90
204 518 19
518 784 40
57 205 0
205 519 24
519 785 10
57 206 0
206 520 41
784 950 39
785 950 76
520 950 39
950 1073 94
1073 1164 20
1164 1247 37
1247 1380 65
1380 1583 62
1583 1841 54
1164 1248 0
1248 1381 61
1381 1584 20
1841 2043 79
1584 2043 65
56 203 0
1163 1246 0
1245 1378 0
57 207 0
203 517 62
1246 1379 79
1378 1582 90
207 521 16
2043 2175 24
12 58 78
58 208 47
208 522 76
522 786 26
786 951 31
951 1074 23
58 209 0
209 523 29
58 210 0
210 524 76
524 787 76
787 952 79
952 1075 78
58 211 0
211 525 21
525 788 76
788 953 53
953 1076 15
58 212 0
212 526 77
526 789 54
789 954 24
1074 1165 78
523 1165 59
1075 1165 30
1076 1165 64
954 1165 66
1165 1249 50
1249 1382 36
1382 1585 88
1585 1842 15
1382 1586 0
1586 1843 97
1843 2044 52
1382 1587 0
1587 1844 51
1844 2045 82
2045 2176 50
1842 2265 92
2044 2265 39
2176 2265 13
12 59 0
59 214 64
214 528 50
59 215 0
215 529 94
529 790 12
790 955 61
59 216 0
216 530 65
530 791 14
791 956 38
59 217 0
217 531 91
59 218 0
218 532 14
532 792 49
792 957 99
528 1077 50
955 1077 41
956 1077 77
531 1077 79
957 1077 18
1077 1166 99
1166 1250 62
1250 1384 87
1384 1590 25
1590 1846 74
1846 2046 60
1250 1385 0
1385 1591 17
1591 1847 89
1847 2047 41
2047 2177 63
1250 1386 0
1386 1592 96
1592 1848 43
1848 2048 14
2046 2266 63
2177 2266 90
2048 2266 54
58 213 0
1249 1383 0
1382 1588 0
59 219 0
213 527 26
1383 1589 78
1588 1845 99
219 533 25
2266 2319 80
13 60 68
60 220 100
220 534 10
534 793 22
793 958 72
958 1078 56
60 221 0
221 535 96
535 794 83
794 959 20
959 1079 84
60 222 0
222 536 68
1078 1167 72
1079 1167 68
536 1167 17
1167 1251 16
1251 1387 16
1387 1593 74
1593 1849 71
1387 1594 0
1594 1850 74
1850 2049 45
1387 1595 0
1595 1851 46
1849 2178 78
2049 2178 26
1851 2178 71
13 61 0
61 224 50
224 538 52
538 795 27
61 225 0
225 539 72
539 796 51
61 226 0
226 540 14
61 227 0
227 541 52
541 797 28
797 960 36
61 228 0
228 542 83
542 798 77
798 961 88
795 1080 66
796 1080 31
540 1080 88
960 1080 45
961 1080 44
1080 1168 28
1168 1252 15
1252 1389 76
1389 1598 13
1598 1853 30
1853 2050 82
1252 1390 0
1390 1599 37
1599 1854 15
1854 2051 62
2051 2179 21
1252 1391 0
1391 1600 55
1600 1855 21
1252 1392 0
1392 1601 10
1601 1856 42
2050 2267 53
2179 2267 13
1855 2267 12
1856 2267 41
60 223 0
1251 1388 0
1387 1596 0
61 229 0
223 537 60
1388 1597 74
1596 1852 75
229 543 96
2267 2320 78
14 62 21
62 230 93
230 544 40
544 799 12
62 231 0
231 545 52
545 800 55
800 962 30
62 232 0
232 546 80
546 801 14
801 963 27
62 233 0
233 547 49
547 802 50
802 964 30
964 1081 71
799 1169 51
962 1169 25
963 1169 36
1081 1169 91
1169 1253 82
1253 1393 95
1393 1602 33
1602 1857 67
1857 2052 62
2052 2180 10
2180 2268 86
1393 1603 0
1603 1858 60
1393 1604 0
1604 1859 91
1859 2053 69
2053 2181 60
1393 1605 0
1605 1860 67
1860 2054 51
2054 2182 80
2182 2269 90
2268 2321 86
1858 2321 72
2181 2321 85
2269 2321 62
14 63 0
63 235 94
235 549 37
549 803 85
803 965 48
63 236 0
236 550 48
63 237 0
237 551 20
551 804 53
804 966 21
965 1082 90
550 1082 37
966 1082 91
1082 1170 11
1170 1254 15
1254 1395 79
1395 1608 79
1254 1396 0
1396 1609 95
1254 1397 0
1397 1610 42
1254 1398 0
1398 1611 64
1611 1862 30
1862 2055 40
2055 2183 38
1254 1399 0
1399 1612 91
1612 1863 94
1608 2270 77
1609 2270 60
1610 2270 32
2183 2270 95
1863 2270 95
62 234 0
1253 1394 0
1393 1606 0
63 238 0
234 548 85
1394 1607 67
1606 1861 34
238 552 17
2270 2322 96
15 64 37
64 239 17
239 553 92
553 805 96
805 967 60
967 1083 48
64 240 0
240 554 90
554 806 91
806 968 82
968 1084 70
1083 1171 57
1084 1171 52
1171 1255 84
1255 1400 10
1400 1613 49
1613 1864 19
1400 1614 0
1614 1865 96
1865 2056 94
2056 2184 75
2184 2271 77
1400 1615 0
1615 1866 69
1864 2323 17
2271 2323 97
1866 2323 54
15 65 0
65 242 68
242 556 11
556 807 89
65 243 0
243 557 91
557 808 96
808 969 46
807 1085 54
969 1085 65
1085 1172 75
1172 1256 74
1256 1402 60
1402 1618 27
1618 1868 97
1868 2057 89
1256 1403 0
1403 1619 11
1619 1869 52
1869 2058 83
2058 2185 45
1256 1404 0
1404 1620 90
1620 1870 74
1256 1405 0
1405 1621 75
1621 1871 35
1256 1406 0
1406 1622 87
1622 1872 27
1872 2059 98
2057 2272 48
2185 2272 67
1870 2272 65
1871 2272 85
2059 2272 87
64 241 0
1255 1401 0
1400 1616 0
65 244 0
241 555 29
1401 1617 21
1616 1867 29
244 558 21
2272 2324 86
16 66 75
66 245 52
245 559 29
559 809 79
809 970 38
970 1086 54
66 246 0
246 560 63
560 810 83
66 247 0
247 561 34
66 248 0
248 562 53
562 811 72
811 971 40
971 1087 62
1086 1173 82
810 1173 10
561 1173 62
1087 1173 25
1173 1257 52
1257 1407 47
1407 1623 58
1623 1873 88
1873 2060 29
2060 2186 18
1407 1624 0
1624 1874 11
1874 2061 87
2061 2187 29
2186 2273 68
2187 2273 14
16 67 0
67 250 61
250 564 72
564 812 20
67 251 0
251 565 89
565 813 58
67 252 0
252 566 14
566 814 70
814 972 24
972 1088 79
67 253 0
253 567 11
567 815 60
815 973 81
812 1174 72
813 1174 86
1088 1174 100
973 1174 28
1174 1258 45
1258 1409 40
1409 1627 78
1627 1876 94
1876 2062 15
2062 2188 25
2188 2274 77
1409 1628 0
1628 1877 33
1877 2063 43
1409 1629 0
1629 1878 58
1878 2064 50
2274 2325 68
2063 2325 17
2064 2325 27
66 249 0
1257 1408 0
1407 1625 0
67 254 0
249 563 74
1408 1626 28
1625 1875 45
254 568 54
2325 2348 72
17 68 43
68 255 11
255 569 81
68 256 0
256 570 65
570 816 79
816 974 56
68 257 0
257 571 32
571 817 93
817 975 11
975 1089 84
569 1175 86
974 1175 73
1089 1175 32
1175 1259 88
1259 1410 59
1410 1630 76
1630 1879 29
1410 1631 0
1631 1880 15
1880 2065 38
1879 2189 76
2065 2189 56
17 69 0
69 259 73
259 573 46
573 818 57
818 976 78
976 1090 21
69 260 0
260 574 88
574 819 43
69 261 0
261 575 71
575 820 34
820 977 98
69 262 0
262 576 53
69 263 0
263 577 47
577 821 81
821 978 12
978 1091 83
1090 1176 57
819 1176 70
977 1176 38
576 1176 42
1091 1176 34
1176 1260 76
1260 1412 36
1412 1634 92
1634 1882 25
1882 2066 80
1412 1635 0
1635 1883 75
1883 2067 89
2067 2190 15
2190 2275 73
1412 1636 0
1636 1884 90
1884 2068 15
2068 2191 34
2191 2276 96
1412 1637 0
1637 1885 70
1885 2069 59
1412 1638 0
1638 1886 33
1886 2070 60
2070 2192 62
2192 2277 93
2066 2326 81
2275 2326 20
2276 2326 58
2069 2326 53
2277 2326 39
68 258 0
1259 1411 0
1410 1632 0
69 264 0
258 572 81
1411 1633 93
1632 1881 60
264 578 86
2326 2349 28
18 70 37
70 265 26
265 579 68
579 822 97
822 979 95
979 1092 46
70 266 0
266 580 69
70 267 0
267 581 86
581 823 93
70 268 0
268 582 61
582 824 92
1092 1177 83
580 1177 66
823 1177 70
824 1177 35
1177 1261 89
1261 1413 13
1413 1639 38
1639 1887 31
1887 2071 53
2071 2193 89
1413 1640 0
1640 1888 47
1413 1641 0
1641 1889 21
1889 2072 70
2072 2194 39
2194 2278 33
1413 1642 0
1642 1890 81
1890 2073 48
2073 2195 81
2195 2279 65
1413 1643 0
1643 1891 58
1891 2074 53
2074 2196 65
2193 2327 94
1888 2327 81
2278 2327 67
2279 2327 79
2196 2327 84
18 71 0
71 270 40
270 584 67
584 825 94
71 271 0
271 585 61
585 826 88
826 980 91
980 1093 52
71 272 0
272 586 76
586 827 35
827 981 83
981 1094 61
71 273 0
273 587 88
587 828 87
828 982 18
982 1095 32
71 274 0
274 588 39
588 829 63
829 983 62
825 1178 59
1093 1178 10
1094 1178 47
1095 1178 24
983 1178 23
1178 1262 85
1262 1415 81
1415 1646 42
1646 1893 95
1415 1647 0
1647 1894 70
1894 2075 27
2075 2197 37
1893 2280 21
2197 2280 70
70 269 0
1261 1414 0
1413 1644 0
71 275 0
269 583 58
1414 1645 32
1644 1892 28
275 589 84
2280 2328 14
19 72 69
72 276 42
276 590 86
590 830 47
830 984 69
984 1096 70
72 277 0
277 591 52
591 831 56
72 278 0
278 592 50
592 832 74
832 985 90
72 279 0
279 593 11
593 833 42
833 986 42
986 1097 27
1096 1179 73
831 1179 85
985 1179 31
1097 1179 91
1179 1263 97
1263 1416 72
1416 1648 68
1648 1895 57
1895 2076 87
2076 2198 72
2198 2281 100
1416 1649 0
1649 1896 38
1416 1650 0
1650 1897 31
1416 1651 0
1651 1898 68
1416 1652 0
1652 1899 26
2281 2329 44
1896 2329 78
1897 2329 68
1898 2329 69
1899 2329 92
19 73 0
73 281 76
281 595 40
73 282 0
282 596 49
596 834 14
834 987 86
987 1098 29
595 1180 48
1098 1180 81
1180 1264 56
1264 1418 40
1418 1655 23
1655 1901 84
1418 1656 0
1656 1902 19
1902 2077 76
1901 2199 43
2077 2199 28
72 280 0
1263 1417 0
1416 1653 0
73 283 0
280 594 90
1417 1654 37
1653 1900 96
283 597 34
2199 2282 26
20 74 18
74 284 43
284 598 32
598 835 57
74 285 0
285 599 35
599 836 73
836 988 86
74 286 0
286 600 91
600 837 61
837 989 20
989 1099 19
74 287 0
287 601 98
601 838 34
838 990 55
74 288 0
288 602 80
602 839 42
839 991 67
835 1181 98
988 1181 48
1099 1181 29
990 1181 40
991 1181 42
1181 1265 54
1265 1419 51
1419 1657 72
1657 1903 56
1419 1658 0
1658 1904 31
1904 2078 29
2078 2200 17
2200 2283 67
1419 1659 0
1659 1905 18
1419 1660 0
1660 1906 35
1906 2079 10
2079 2201 71
1903 2330 59
2283 2330 94
1905 2330 95
2201 2330 20
20 75 0
75 290 77
290 604 70
604 840 74
840 992 70
75 291 0
291 605 49
605 841 85
75 292 0
292 606 57
75 293 0
293 607 48
607 842 99
842 993 57
993 1100 60
75 294 0
294 608 14
608 843 78
843 994 56
994 1101 81
992 1182 81
841 1182 75
606 1182 28
1100 1182 75
1101 1182 29
1182 1266 13
1266 1421 82
1421 1663 44
1663 1908 72
1908 2080 23
1421 1664 0
1664 1909 84
1909 2081 82
2081 2202 77
2202 2284 34
1421 1665 0
1665 1910 82
1910 2082 68
2080 2331 96
2284 2331 66
2082 2331 95
74 289 0
1265 1420 0
1419 1661 0
75 295 0
289 603 52
1420 1662 36
1661 1907 63
295 609 79
2331 2350 94
21 76 11
76 296 52
296 610 43
76 297 0
297 611 37
611 844 52
844 995 52
76 298 0
298 612 35
612 845 63
845 996 18
996 1102 17
610 1183 47
995 1183 67
1102 1183 32
1183 1267 49
1267 1422 15
1422 1666 55
1666 1911 24
1422 1667 0
1667 1912 57
1912 2083 88
2083 2203 90
2203 2285 55
1422 1668 0
1668 1913 39
1913 2084 93
1422 1669 0
1669 1914 39
1914 2085 13
2085 2204 15
2204 2286 52
1911 2332 32
2285 2332 88
2084 2332 37
2286 2332 14
21 77 0
77 300 76
300 614 37
614 846 78
846 997 61
997 1103 13
77 301 0
301 615 34
77 302 0
302 616 37
616 847 93
847 998 37
77 303 0
303 617 97
617 848 14
848 999 29
1103 1184 100
615 1184 63
998 1184 33
999 1184 92
1184 1268 56
1268 1424 93
1424 1672 34
1672 1916 48
1916 2086 58
2086 2205 49
2205 2287 62
1424 1673 0
1673 1917 91
1917 2087 88
2087 2206 32
2287 2333 43
2206 2333 72
76 299 0
1267 1423 0
1422 1670 0
77 304 0
299 613 50
1423 1671 15
1670 1915 60
304 618 70
2333 2351 99
22 78 49
78 305 27
305 619 16
619 849 13
78 306 0
306 620 46
620 850 80
850 1000 56
1000 1104 16
78 307 0
307 621 49
621 851 45
851 1001 83
78 308 0
308 622 67
622 852 96
852 1002 64
1002 1105 52
78 309 0
309 623 25
623 853 81
849 1185 49
1104 1185 38
1001 1185 25
1105 1185 61
853 1185 90
1185 1269 95
1269 1425 21
1425 1674 36
1674 1918 89
1425 1675 0
1675 1919 53
1919 2088 53
1425 1676 0
1676 1920 39
1920 2089 19
2089 2207 54
1425 1677 0
1677 1921 84
1921 2090 78
2090 2208 56
1425 1678 0
1678 1922 46
1918 2288 28
2088 2288 39
2207 2288 68
2208 2288 19
1922 2288 77
22 79 0
79 311 72
311 625 78
625 854 12
79 312 0
312 626 14
626 855 67
855 1003 94
79 313 0
313 627 60
627 856 18
856 1004 31
79 314 0
314 628 33
79 315 0
315 629 55
629 857 99
857 1005 58
854 1106 96
1003 1106 100
1004 1106 89
628 1106 94
1005 1106 61
1106 1186 47
1186 1270 15
1270 1427 39
1427 1681 38
1681 1924 58
1270 1428 0
1428 1682 27
1682 1925 92
1270 1429 0
1429 1683 56
1924 2091 60
1925 2091 46
1683 2091 17
78 310 0
1269 1426 0
1425 1679 0
79 316 0
310 624 44
1426 1680 84
1679 1923 41
316 630 36
2091 2209 27
23 80 35
80 317 59
317 631 85
631 858 88
80 318 0
318 632 54
632 859 66
80 319 0
319 633 28
633 860 22
80 320 0
320 634 33
634 861 77
861 1006 18
858 1107 84
859 1107 24
860 1107 36
1006 1107 44
1107 1187 35
1187 1271 23
1271 1430 92
1430 1684 49
1684 1926 67
1271 1431 0
1431 1685 83
1685 1927 18
1927 2092 54
1271 1432 0
1432 1686 60
1686 1928 10
1928 2093 13
1271 1433 0
1433 1687 63
1687 1929 74
1271 1434 0
1434 1688 36
1926 2210 71
2092 2210 35
2093 2210 12
1929 2210 52
1688 2210 62
23 81 0
81 322 12
322 636 38
636 862 56
862 1007 45
1007 1108 87
81 323 0
323 637 79
81 324 0
324 638 38
638 863 95
863 1008 17
1008 1109 11
1108 1188 36
637 1188 79
1109 1188 15
1188 1273 26
1273 1437 31
1437 1690 47
1690 1930 92
1930 2094 17
2094 2211 31
2211 2289 92
1437 1691 0
1691 1931 15
1931 2095 69
2095 2212 78
1437 1692 0
1692 1932 14
1932 2096 25
2289 2334 55
2212 2334 36
2096 2334 19
80 321 0
1187 1272 0
1271 1435 0
81 325 0
321 635 76
1272 1436 11
1435 1689 78
325 639 99
2334 2352 18
24 82 15
82 326 28
326 640 59
82 327 0
327 641 99
641 864 17
864 1009 31
82 328 0
328 642 75
642 865 28
82 329 0
329 643 70
643 866 21
866 1010 10
640 1110 73
1009 1110 53
865 1110 48
1010 1110 34
1110 1189 12
1189 1274 33
1274 1438 74
1438 1693 71
1274 1439 0
1439 1694 96
1694 1933 100
1693 2097 44
1933 2097 89
24 83 0
83 331 61
331 645 73
645 867 10
867 1011 65
1011 1111 41
83 332 0
332 646 45
83 333 0
333 647 98
647 868 27
868 1012 58
83 334 0
334 648 50
648 869 27
83 335 0
335 649 83
649 870 53
870 1013 20
1013 1112 50
1111 1190 64
646 1190 42
1012 1190 26
869 1190 77
1112 1190 37
1190 1276 89
1276 1442 36
1442 1696 40
1696 1934 32
1934 2098 10
2098 2213 81
2213 2290 69
1442 1697 0
1697 1935 58
1442 1698 0
1698 1936 23
1936 2099 28
2099 2214 90
1442 1699 0
1699 1937 32
1442 1700 0
1700 1938 68
1938 2100 68
2100 2215 14
2290 2335 79
1935 2335 54
2214 2335 43
1937 2335 32
2215 2335 41
82 330 0
1189 1275 0
1274 1440 0
83 336 0
330 644 41
1275 1441 27
1440 1695 91
336 650 18
2335 2353 40
25 84 76
84 337 78
337 651 100
84 338 0
338 652 97
652 871 28
84 339 0
339 653 11
653 872 95
872 1014 19
651 1113 92
871 1113 36
1014 1113 52
1113 1191 18
1191 1277 62
1277 1443 60
1443 1701 59
1701 1939 38
1939 2101 99
2101 2216 25
1277 1444 0
1444 1702 89
1702 1940 30
1277 1445 0
1445 1703 29
1703 1941 16
1277 1446 0
1446 1704 50
1704 1942 21
1942 2102 49
2102 2217 33
1277 1447 0
1447 1705 13
1705 1943 83
2216 2291 82
1940 2291 21
1941 2291 61
2217 2291 86
1943 2291 60
25 85 0
85 341 76
341 655 64
85 342 0
342 656 23
656 873 92
873 1015 88
1015 1114 52
85 343 0
343 657 31
657 874 99
874 1016 91
655 1192 31
1114 1192 84
1016 1192 10
1192 1279 89
1279 1450 84
1450 1707 22
1707 1944 65
1944 2103 67
2103 2218 29
2218 2292 57
1450 1708 0
1708 1945 64
1945 2104 54
2104 2219 67
1450 1709 0
1709 1946 96
1450 1710 0
1710 1947 39
1947 2105 62
1450 1711 0
1711 1948 13
1948 2106 99
2106 2220 49
2292 2336 54
2219 2336 54
1946 2336 70
2105 2336 37
2220 2336 50
84 340 0
1191 1278 0
1277 1448 0
85 344 0
340 654 57
1278 1449 77
1448 1706 84
344 658 20
2336 2354 62
26 86 83
86 345 31
345 659 38
659 875 33
86 346 0
346 660 75
86 347 0
347 661 45
661 876 70
876 1017 94
1017 1115 28
86 348 0
348 662 56
86 349 0
349 663 20
663 877 66
877 1018 58
875 1193 47
660 1193 88
1115 1193 46
662 1193 51
1018 1193 100
1193 1280 48
1280 1451 50
1451 1712 26
1712 1949 79
1949 2107 89
2107 2221 86
1451 1713 0
1713 1950 17
1950 2108 72
2108 2222 13
1451 1714 0
1714 1951 35
1951 2109 54
2109 2223 41
1451 1715 0
1715 1952 19
2221 2293 25
2222 2293 88
2223 2293 18
1952 2293 39
26 87 0
87 351 63
351 665 37
665 878 100
878 1019 76
1019 1116 95
87 352 0
352 666 36
1116 1194 96
666 1194 90
1194 1281 98
1281 1453 44
1453 1718 77
1718 1954 44
1954 2110 92
2110 2224 58
1453 1719 0
1719 1955 56
1955 2111 94
1453 1720 0
1720 1956 82
1956 2112 47
2112 2225 94
2225 2294 56
1453 1721 0
1721 1957 52
1957 2113 34
2113 2226 30
2226 2295 59
2224 2337 12
2111 2337 81
2294 2337 64
2295 2337 48
86 350 0
1280 1452 0
1451 1716 0
87 353 0
350 664 38
1452 1717 91
1716 1953 11
353 667 56
2337 2355 20
27 88 72
88 354 19
354 668 97
668 879 10
88 355 0
355 669 100
669 880 11
880 1020 92
88 356 0
356 670 94
88 357 0
357 671 12
671 881 20
881 1021 66
879 1117 96
1020 1117 87
670 1117 60
1021 1117 94
1117 1195 93
1195 1282 35
1282 1454 11
1454 1722 31
1722 1958 62
1958 2114 53
1282 1455 0
1455 1723 62
1723 1959 81
1959 2115 38
2114 2227 81
2115 2227 71
27 89 0
89 359 79
359 673 88
673 882 80
882 1022 33
1022 1118 39
89 360 0
360 674 57
674 883 26
89 361 0
361 675 98
675 884 75
884 1023 89
1023 1119 26
89 362 0
362 676 17
676 885 68
885 1024 51
1024 1120 63
1118 1196 65
883 1196 42
1119 1196 55
1120 1196 45
1196 1284 35
1284 1458 98
1458 1725 23
1725 1960 88
1458 1726 0
1726 1961 29
1961 2116 32
2116 2228 17
2228 2296 54
1960 2338 21
2296 2338 25
88 358 0
1195 1283 0
1282 1456 0
89 363 0
358 672 54
1283 1457 31
1456 1724 53
363 677 66
2338 2356 36
28 90 32
90 364 46
364 678 80
90 365 0
365 679 14
679 886 44
90 366 0
366 680 25
680 887 70
678 1025 100
886 1025 66
887 1025 87
1025 1121 46
1121 1197 76
1197 1285 10
1285 1459 43
1459 1727 26
1727 1962 95
1197 1286 0
1286 1460 41
1460 1728 57
1728 1963 59
1197 1287 0
1287 1461 92
1197 1288 0
1288 1462 40
1462 1729 22
1962 2117 86
1963 2117 13
1461 2117 66
1729 2117 33
28 91 0
91 368 40
368 682 100
682 888 99
888 1026 62
91 369 0
369 683 77
683 889 31
1026 1122 53
889 1122 27
1122 1199 95
1199 1291 47
1291 1464 83
1464 1730 66
1291 1465 0
1465 1731 84
1291 1466 0
1466 1732 89
1732 1964 50
1291 1467 0
1467 1733 81
1733 1965 10
1965 2118 38
2118 2229 33
1730 2297 90
1731 2297 56
1964 2297 38
2229 2297 36
90 367 0
1121 1198 0
1197 1289 0
91 370 0
367 681 26
1198 1290 55
1289 1463 71
370 684 17
2297 2339 74
29 92 85
92 371 14
371 685 40
685 890 38
890 1027 25
92 372 0
372 686 15
1027 1123 66
686 1123 18
1123 1200 73
1200 1292 10
1292 1468 23
1468 1734 38
1734 1966 47
1966 2119 66
2119 2230 20
1292 1469 0
1469 1735 39
1735 1967 71
1292 1470 0
1470 1736 47
1736 1968 71
1968 2120 51
2120 2231 62
1292 1471 0
1471 1737 62
1737 1969 35
1969 2121 37
2230 2298 86
1967 2298 13
2231 2298 88
2121 2298 32
29 93 0
93 374 88
374 688 62
688 891 48
93 375 0
375 689 72
93 376 0
376 690 15
690 892 30
892 1028 85
1028 1124 13
93 377 0
377 691 51
691 893 17
893 1029 59
1029 1125 63
891 1201 61
689 1201 44
1124 1201 11
1125 1201 72
1201 1294 35
1294 1474 59
1474 1739 46
1739 1970 70
1970 2122 31
2122 2232 85
2232 2299 92
1474 1740 0
1740 1971 19
1971 2123 33
2123 2233 91
2233 2300 43
1474 1741 0
1741 1972 26
1972 2124 34
2124 2234 85
1474 1742 0
1742 1973 44
1973 2125 77
2299 2340 49
2300 2340 50
2234 2340 14
2125 2340 63
92 373 0
1200 1293 0
1292 1472 0
93 378 0
373 687 18
1293 1473 71
1472 1738 74
378 692 29
2340 2357 28
30 94 25
94 379 53
379 693 97
693 894 58
94 380 0
380 694 77
894 1030 16
694 1030 11
1030 1126 28
1126 1202 29
1202 1295 27
1295 1475 29
1475 1743 56
1202 1296 0
1296 1476 86
1743 1974 46
1476 1974 47
30 95 0
95 382 31
382 696 74
696 895 36
895 1031 97
1031 1127 65
95 383 0
383 697 49
697 896 60
896 1032 78
1032 1128 27
95 384 0
384 698 22
95 385 0
385 699 53
699 897 50
897 1033 89
95 386 0
386 700 99
700 898 31
898 1034 54
1034 1129 98
1127 1204 89
1128 1204 86
698 1204 52
1033 1204 27
1129 1204 80
1204 1299 93
1299 1478 40
1478 1744 41
1744 1975 40
1975 2126 11
2126 2235 65
1478 1745 0
1745 1976 20
1976 2127 47
2235 2301 43
2127 2301 15
94 381 0
1126 1203 0
1202 1297 0
95 387 0
381 695 52
1203 1298 89
1297 1477 36
387 701 41
2301 2341 21
31 96 98
96 388 25
388 702 95
702 899 71
96 389 0
389 703 13
703 900 65
900 1035 45
1035 1130 28
96 390 0
390 704 82
704 901 79
901 1036 29
96 391 0
391 705 80
705 902 65
902 1037 77
899 1205 90
1130 1205 69
1036 1205 18
1037 1205 89
1205 1300 13
1300 1479 33
1479 1746 29
1746 1977 89
1977 2128 34
2128 2236 55
1479 1747 0
1747 1978 94
1978 2129 61
1479 1748 0
1748 1979 20
1979 2130 55
2130 2237 36
2237 2302 100
1479 1749 0
1749 1980 88
1980 2131 26
2131 2238 65
1479 1750 0
1750 1981 68
2236 2342 80
2129 2342 77
2302 2342 97
2238 2342 16
1981 2342 58
31 97 0
97 393 43
393 707 88
707 903 72
903 1038 22
97 394 0
394 708 60
708 904 32
904 1039 94
1038 1131 13
1039 1131 49
1131 1206 49
1206 1301 90
1301 1481 37
1481 1753 40
1301 1482 0
1482 1754 86
1754 1983 24
1983 2132 53
1301 1483 0
1483 1755 76
1755 1984 43
1301 1484 0
1484 1756 31
1756 1985 37
1301 1485 0
1485 1757 32
1757 1986 94
1753 2239 32
2132 2239 55
1984 2239 39
1985 2239 40
1986 2239 59
96 392 0
1300 1480 0
1479 1751 0
97 395 0
392 706 56
1480 1752 25
1751 1982 24
395 709 99
2239 2303 12
32 98 72
98 396 15
396 710 62
710 905 25
905 1040 64
98 397 0
397 711 96
98 398 0
398 712 71
712 906 47
98 399 0
399 713 73
98 400 0
400 714 42
714 907 13
907 1041 39
1041 1132 86
1040 1207 15
711 1207 50
906 1207 40
713 1207 30
1132 1207 71
1207 1302 23
1302 1486 57
1486 1758 14
1758 1987 87
1987 2133 55
1486 1759 0
1759 1988 50
1988 2134 32
2134 2240 28
2240 2304 13
1486 1760 0
1760 1989 92
1486 1761 0
1761 1990 21
1990 2135 84
2135 2241 72
2241 2305 57
2133 2343 45
2304 2343 98
1989 2343 88
2305 2343 57
32 99 0
99 402 32
402 716 76
99 403 0
403 717 24
717 908 58
908 1042 59
1042 1133 63
99 404 0
404 718 18
99 405 0
405 719 88
719 909 46
909 1043 55
1043 1134 16
716 1208 92
1133 1208 99
718 1208 63
1134 1208 19
1208 1303 76
1303 1488 20
1488 1764 89
1764 1992 80
1488 1765 0
1765 1993 46
1993 2136 71
1488 1766 0
1766 1994 17
1994 2137 50
2137 2242 56
2242 2306 46
1488 1767 0
1767 1995 68
1995 2138 98
2138 2243 19
2243 2307 66
1488 1768 0
1768 1996 40
1996 2139 21
1992 2344 51
2136 2344 38
2306 2344 92
2307 2344 94
2139 2344 40
98 401 0
1302 1487 0
1486 1762 0
99 406 0
401 715 49
1487 1763 61
1762 1991 74
406 720 29
2344 2358 66
33 100 19
100 407 61
407 721 61
721 910 51
910 1044 50
100 408 0
408 722 13
100 409 0
409 723 29
723 911 30
911 1045 78
1044 1135 85
722 1135 92
1045 1135 68
1135 1209 12
1209 1304 87
1304 1489 66
1489 1769 30
1304 1490 0
1490 1770 67
1769 1997 40
1770 1997 94
33 101 0
101 411 21
411 725 25
725 912 92
912 1046 83
1046 1136 94
101 412 0
412 726 59
726 913 22
913 1047 19
1047 1137 31
101 413 0
413 727 67
727 914 17
101 414 0
414 728 16
1136 1210 37
1137 1210 65
914 1210 73
728 1210 96
1210 1306 98
1306 1493 74
1493 1772 73
1772 1998 70
1493 1773 0
1773 1999 93
1998 2140 28
1999 2140 60
100 410 0
1209 1305 0
1304 1491 0
101 415 0
410 724 57
1305 1492 95
1491 1771 43
415 729 11
2140 2244 59
2309 2359 56
2247 2359 50
2345 2359 65
2311 2359 46
2346 2359 34
2314 2359 30
2256 2359 41
2315 2359 74
2167 2359 98
2317 2359 47
2347 2359 80
2175 2359 86
2319 2359 80
2320 2359 62
2322 2359 87
2324 2359 58
2348 2359 87
2349 2359 52
2328 2359 30
2282 2359 78
2350 2359 11
2351 2359 96
2209 2359 56
2352 2359 22
2353 2359 95
2354 2359 68
2355 2359 92
2356 2359 72
2339 2359 97
2357 2359 42
2341 2359 59
2303 2359 20
2358 2359 85
2244 2359 22
