2360 2704
0 34 39
34 102 40
102 416 62
416 730 51
730 915 25
915 1048 66
34 103 0
103 417 89
34 104 0
104 418 54
418 731 96
731 916 50
916 1049 59
34 105 0
105 419 50
419 732 14
732 917 23
34 106 0
106 420 26
1048 1138 11
417 1138 83
1049 1138 74
917 1138 63
420 1138 27
1138 1211 41
1211 1307 36
1307 1494 15
1494 1774 56
1774 2000 53
2000 2141 72
1307 1495 0
1495 1775 69
1775 2001 60
2001 2142 81
2142 2245 60
1307 1496 0
1496 1776 24
1776 2002 96
2002 2143 58
2141 2308 18
2245 2308 56
2143 2308 26
0 35 0
35 108 37
108 422 79
35 109 0
109 423 87
423 733 49
733 918 37
422 1050 43
918 1050 65
1050 1139 52
1139 1212 27
1212 1309 48
1309 1499 67
1499 1778 67
1212 1310 0
1310 1500 22
1212 1311 0
1311 1501 55
1212 1312 0
1312 1502 91
1502 1779 50
1779 2003 14
2003 2144 99
1212 1313 0
1313 1503 92
1503 1780 22
1780 2004 26
1778 2246 91
1500 2246 72
1501 2246 61
2144 2246 68
2004 2246 90
34 107 0
1211 1308 0
1307 1497 0
35 110 0
107 421 40
1308 1498 41
1497 1777 45
110 424 89
2246 2309 53
1 36 39
36 111 98
111 425 61
425 734 40
36 112 0
112 426 19
36 113 0
113 427 46
427 735 70
36 114 0
114 428 19
734 919 79
426 919 77
735 919 80
428 919 43
919 1051 79
1051 1140 60
1140 1213 76
1213 1314 65
1314 1504 25
1504 1781 21
1781 2005 91
1140 1214 0
1214 1315 39
1315 1505 19
1505 1782 98
2005 2145 87
1782 2145 28
1 37 0
37 116 76
116 430 56
430 736 92
37 117 0
117 431 69
431 737 19
737 920 15
920 1052 19
37 118 0
118 432 68
37 119 0
119 433 90
736 1142 21
1052 1142 53
432 1142 95
433 1142 75
1142 1217 14
1217 1317 82
1317 1506 73
1506 1783 40
1783 2006 35
1317 1507 0
1507 1784 13
1317 1508 0
1508 1785 31
1785 2007 17
2006 2146 12
1784 2146 78
2007 2146 26
36 115 0
1051 1141 0
1140 1215 0
37 120 0
115 429 54
1141 1216 75
1215 1316 87
120 434 69
2146 2247 84
2 38 47
38 121 18
121 435 42
435 738 42
738 921 18
38 122 0
122 436 35
38 123 0
123 437 30
437 739 76
921 1053 48
436 1053 32
739 1053 97
1053 1143 42
1143 1218 96
1218 1318 79
1318 1509 28
1509 1786 23
1786 2008 82
2008 2147 75
1218 1319 0
1319 1510 69
1218 1320 0
1320 1511 36
1511 1787 49
1787 2009 62
1218 1321 0
1321 1512 91
1512 1788 81
1788 2010 70
2010 2148 24
2147 2248 29
1510 2248 52
2009 2248 68
2148 2248 75
2 39 0
39 125 16
125 439 25
39 126 0
126 440 98
440 740 28
740 922 65
922 1054 97
39 127 0
127 441 26
441 741 61
439 1144 51
1054 1144 77
741 1144 54
1144 1220 73
1220 1324 100
1324 1514 37
1514 1789 63
1789 2011 20
2011 2149 86
2149 2249 42
1324 1515 0
1515 1790 38
1790 2012 46
2012 2150 70
2150 2250 58
1324 1516 0
1516 1791 45
1791 2013 72
2013 2151 79
1324 1517 0
1517 1792 99
1324 1518 0
1518 1793 63
1793 2014 79
2014 2152 12
2249 2310 35
2250 2310 58
2151 2310 73
1792 2310 31
2152 2310 51
38 124 0
1143 1219 0
1218 1322 0
39 128 0
124 438 81
1219 1323 31
1322 1513 27
128 442 64
2310 2345 95
3 40 81
40 129 52
129 443 70
443 742 40
742 923 38
40 130 0
130 444 54
444 743 66
743 924 16
923 1055 29
924 1055 37
1055 1145 75
1145 1221 48
1221 1325 84
1325 1519 29
1221 1326 0
1326 1520 71
1520 1794 51
1794 2015 23
1221 1327 0
1327 1521 61
1521 1795 50
1221 1328 0
1328 1522 67
1221 1329 0
1329 1523 68
1519 2153 36
2015 2153 26
1795 2153 27
1522 2153 69
1523 2153 65
3 41 0
41 132 26
132 446 43
41 133 0
133 447 99
447 744 60
744 925 80
41 134 0
134 448 40
448 745 33
745 926 66
41 135 0
135 449 31
449 746 21
446 1056 61
925 1056 41
926 1056 34
746 1056 48
1056 1146 68
1146 1223 93
1223 1332 29
1332 1525 12
1525 1796 34
1223 1333 0
1333 1526 23
1526 1797 97
1797 2016 74
2016 2154 57
1796 2251 15
2154 2251 20
40 131 0
1145 1222 0
1221 1330 0
41 136 0
131 445 76
1222 1331 49
1330 1524 68
136 450 55
2251 2311 78
4 42 62
42 137 57
137 451 94
42 138 0
138 452 53
452 747 100
747 927 99
927 1057 78
42 139 0
139 453 58
453 748 80
451 1147 38
1057 1147 23
748 1147 47
1147 1224 35
1224 1334 56
1334 1527 50
1527 1798 90
1334 1528 0
1528 1799 40
1799 2017 53
2017 2155 27
2155 2252 26
1334 1529 0
1529 1800 82
1800 2018 96
2018 2156 26
1798 2312 16
2252 2312 47
2156 2312 45
4 43 0
43 141 70
141 455 37
43 142 0
142 456 31
456 749 51
749 928 37
928 1058 49
43 143 0
143 457 56
457 750 95
43 144 0
144 458 81
458 751 65
455 1148 68
1058 1148 76
750 1148 51
751 1148 15
1148 1225 14
1225 1336 71
1336 1532 18
1532 1802 89
1802 2019 41
2019 2157 94
1336 1533 0
1533 1803 43
1803 2020 80
2020 2158 96
1336 1534 0
1534 1804 84
1804 2021 25
2021 2159 66
2159 2253 63
1336 1535 0
1535 1805 28
2157 2313 71
2158 2313 96
2253 2313 48
1805 2313 37
42 140 0
1224 1335 0
1334 1530 0
43 145 0
140 454 50
1335 1531 67
1530 1801 29
145 459 73
2313 2346 78
5 44 36
44 146 65
146 460 66
44 147 0
147 461 80
461 752 54
752 929 25
44 148 0
148 462 10
462 753 82
753 930 94
930 1059 48
44 149 0
149 463 87
463 754 78
754 931 70
931 1060 63
44 150 0
150 464 40
464 755 67
755 932 58
460 1149 23
929 1149 76
1059 1149 32
1060 1149 58
932 1149 58
1149 1226 16
1226 1337 96
1337 1536 31
1536 1806 64
1337 1537 0
1537 1807 19
1807 2022 61
1337 1538 0
1538 1808 76
1808 2023 45
2023 2160 10
1806 2254 87
2022 2254 84
2160 2254 15
5 45 0
45 152 90
152 466 90
466 756 95
45 153 0
153 467 41
467 757 57
757 933 70
45 154 0
154 468 68
468 758 49
758 934 87
45 155 0
155 469 27
45 156 0
156 470 44
470 759 20
756 1061 91
933 1061 37
934 1061 80
469 1061 77
759 1061 27
1061 1150 78
1150 1227 85
1227 1339 88
1339 1541 60
1541 1810 96
1227 1340 0
1340 1542 66
1542 1811 26
1227 1341 0
1341 1543 49
1543 1812 64
1227 1342 0
1342 1544 84
1227 1343 0
1343 1545 71
1545 1813 56
1813 2024 51
2024 2161 49
1810 2255 34
1811 2255 77
1812 2255 24
1544 2255 24
2161 2255 56
44 151 0
1226 1338 0
1337 1539 0
45 157 0
151 465 51
1338 1540 11
1539 1809 76
157 471 36
2255 2314 69
6 46 89
46 158 65
158 472 20
472 760 22
46 159 0
159 473 36
473 761 77
761 935 80
46 160 0
160 474 60
760 1062 36
935 1062 75
474 1062 51
1062 1151 27
1151 1228 41
1228 1344 21
1344 1546 14
1546 1814 70
1814 2025 62
1228 1345 0
1345 1547 29
1547 1815 70
1228 1346 0
1346 1548 78
2025 2162 11
1815 2162 48
1548 2162 18
6 47 0
47 162 66
162 476 12
47 163 0
163 477 18
477 762 32
476 936 99
762 936 38
936 1063 45
1063 1152 75
1152 1230 63
1230 1349 30
1349 1550 36
1152 1231 0
1231 1350 15
1350 1551 29
1551 1816 44
1816 2026 10
1152 1232 0
1232 1351 36
1550 2163 15
2026 2163 61
1351 2163 33
46 161 0
1151 1229 0
1228 1347 0
47 164 0
161 475 99
1229 1348 52
1347 1549 34
164 478 55
2163 2256 20
7 48 97
48 165 57
165 479 80
479 763 25
48 166 0
166 480 35
480 764 95
48 167 0
167 481 45
481 765 74
48 168 0
168 482 25
482 766 12
766 937 82
763 1064 94
764 1064 50
765 1064 21
937 1064 95
1064 1153 77
1153 1233 63
1233 1352 26
1352 1552 29
1552 1817 81
1817 2027 91
1233 1353 0
1353 1553 46
1553 1818 32
1818 2028 19
2027 2164 15
2028 2164 22
7 49 0
49 170 45
170 484 90
49 171 0
171 485 39
49 172 0
172 486 35
486 767 68
767 938 81
49 173 0
173 487 20
49 174 0
174 488 29
488 768 29
484 1065 88
485 1065 51
938 1065 21
487 1065 24
768 1065 30
1065 1154 60
1154 1235 50
1235 1356 100
1356 1555 84
1555 1819 91
1235 1357 0
1357 1556 95
1556 1820 62
1820 2029 23
2029 2165 67
1235 1358 0
1358 1557 83
1557 1821 43
1821 2030 71
1819 2257 39
2165 2257 99
2030 2257 26
48 169 0
1153 1234 0
1233 1354 0
49 175 0
169 483 69
1234 1355 69
1354 1554 48
175 489 96
2257 2315 27
8 50 33
50 176 10
176 490 48
490 769 65
50 177 0
177 491 36
491 770 63
770 939 100
50 178 0
178 492 62
492 771 28
771 940 76
940 1066 34
769 1155 44
939 1155 52
1066 1155 38
1155 1236 85
1236 1359 95
1359 1558 52
1558 1822 19
1359 1559 0
1559 1823 15
1823 2031 71
2031 2166 56
1359 1560 0
1560 1824 50
1822 2258 96
2166 2258 58
1824 2258 85
8 51 0
51 180 69
180 494 31
51 181 0
181 495 84
494 772 61
495 772 99
772 941 38
941 1067 93
1067 1156 73
1156 1237 61
1237 1361 81
1067 1157 0
1157 1238 44
1238 1362 95
1067 1158 0
1158 1239 22
1239 1363 94
1363 1563 44
1563 1826 53
1361 2032 43
1362 2032 28
1826 2032 34
50 179 0
1236 1360 0
1359 1561 0
51 182 0
179 493 30
1360 1562 86
1561 1825 87
182 496 66
2032 2167 75
9 52 49
52 183 41
183 497 96
52 184 0
184 498 86
52 185 0
185 499 92
499 773 69
773 942 63
942 1068 38
52 186 0
186 500 95
500 774 85
497 1159 97
498 1159 70
1068 1159 73
774 1159 28
1159 1240 95
1240 1364 83
1364 1564 91
1564 1827 13
1827 2033 36
2033 2168 33
2168 2259 64
1364 1565 0
1565 1828 18
1828 2034 40
2034 2169 41
2169 2260 94
1364 1566 0
1566 1829 80
1829 2035 82
2035 2170 82
2170 2261 42
1364 1567 0
1567 1830 92
2259 2316 48
2260 2316 68
2261 2316 64
1830 2316 84
9 53 0
53 188 77
188 502 71
502 775 53
775 943 39
53 189 0
189 503 93
503 776 14
776 944 12
53 190 0
190 504 73
504 777 41
943 1069 41
944 1069 20
777 1069 85
1069 1160 89
1160 1241 53
1241 1366 70
1366 1570 95
1570 1832 28
1832 2036 55
2036 2171 39
1241 1367 0
1367 1571 73
1571 1833 62
1833 2037 18
2171 2262 55
2037 2262 24
52 187 0
1240 1365 0
1364 1568 0
53 191 0
187 501 79
1365 1569 91
1568 1831 98
191 505 43
2262 2317 27
10 54 72
54 192 58
192 506 33
54 193 0
193 507 89
507 778 43
778 945 96
506 1070 92
945 1070 36
1070 1161 93
1161 1242 88
1242 1368 37
1368 1572 31
1572 1834 80
1834 2038 99
1242 1369 0
1369 1573 70
1242 1370 0
1370 1574 32
1242 1371 0
1371 1575 46
1575 1835 91
1835 2039 11
2039 2172 79
1242 1372 0
1372 1576 67
1576 1836 39
1836 2040 73
2038 2263 80
1573 2263 17
1574 2263 34
2172 2263 93
2040 2263 26
10 55 0
55 195 11
195 509 31
55 196 0
196 510 85
510 779 73
779 946 85
55 197 0
197 511 77
511 780 93
780 947 80
947 1071 68
509 1162 57
946 1162 74
1071 1162 72
1162 1244 21
1244 1375 57
1375 1578 37
1578 1837 99
1375 1579 0
1579 1838 58
1838 2041 44
2041 2173 54
2173 2264 74
1837 2318 79
2264 2318 83
54 194 0
1161 1243 0
1242 1373 0
55 198 0
194 508 33
1243 1374 69
1373 1577 73
198 512 78
2318 2347 36
11 56 94
56 199 93
199 513 95
513 781 97
781 948 33
56 200 0
200 514 14
514 782 66
56 201 0
201 515 30
56 202 0
202 516 97
516 783 39
783 949 23
948 1072 89
782 1072 35
515 1072 85
949 1072 87
1072 1163 57
1163 1245 29
1245 1376 51
1376 1580 87
1580 1839 89
1839 2042 94
1245 1377 0
1377 1581 78
1581 1840 58
2042 2174 21
1840 2174 69
11 57 0
57 204 70
204 518 22
518 784 52
57 205 0
205 519 62
519 785 24
57 206 0
206 520 56
784 950 42
785 950 37
520 950 10
950 1073 53
1073 1164 38
1164 1247 65
1247 1380 51
1380 1583 25
1583 1841 58
1164 1248 0
1248 1381 42
1381 1584 82
1841 2043 88
1584 2043 73
56 203 0
1163 1246 0
1245 1378 0
57 207 0
203 517 92
1246 1379 20
1378 1582 98
207 521 84
2043 2175 58
12 58 24
58 208 26
208 522 74
522 786 63
786 951 84
951 1074 99
58 209 0
209 523 18
58 210 0
210 524 29
524 787 85
787 952 88
952 1075 30
58 211 0
211 525 16
525 788 76
788 953 63
953 1076 61
58 212 0
212 526 81
526 789 95
789 954 88
1074 1165 12
523 1165 37
1075 1165 84
1076 1165 95
954 1165 39
1165 1249 23
1249 1382 20
1382 1585 97
1585 1842 57
1382 1586 0
1586 1843 56
1843 2044 19
1382 1587 0
1587 1844 54
1844 2045 74
2045 2176 96
1842 2265 13
2044 2265 44
2176 2265 15
12 59 0
59 214 86
214 528 63
59 215 0
215 529 21
529 790 83
790 955 78
59 216 0
216 530 55
530 791 13
791 956 85
59 217 0
217 531 24
59 218 0
218 532 41
532 792 44
792 957 50
528 1077 30
955 1077 84
956 1077 86
531 1077 99
957 1077 70
1077 1166 76
1166 1250 35
1250 1384 83
1384 1590 20
1590 1846 29
1846 2046 43
1250 1385 0
1385 1591 51
1591 1847 98
1847 2047 90
2047 2177 68
1250 1386 0
1386 1592 69
1592 1848 66
1848 2048 25
2046 2266 41
2177 2266 70
2048 2266 10
58 213 0
1249 1383 0
1382 1588 0
59 219 0
213 527 60
1383 1589 74
1588 1845 61
219 533 70
2266 2319 68
13 60 54
60 220 64
220 534 72
534 793 59
793 958 12
958 1078 63
60 221 0
221 535 100
535 794 42
794 959 86
959 1079 75
60 222 0
222 536 33
1078 1167 20
1079 1167 29
536 1167 82
1167 1251 65
1251 1387 20
1387 1593 71
1593 1849 61
1387 1594 0
1594 1850 58
1850 2049 93
1387 1595 0
1595 1851 32
1849 2178 55
2049 2178 30
1851 2178 72
13 61 0
61 224 92
224 538 68
538 795 68
61 225 0
225 539 51
539 796 25
61 226 0
226 540 93
61 227 0
227 541 32
541 797 15
797 960 97
61 228 0
228 542 34
542 798 59
798 961 57
795 1080 40
796 1080 88
540 1080 61
960 1080 53
961 1080 28
1080 1168 11
1168 1252 13
1252 1389 74
1389 1598 23
1598 1853 74
1853 2050 34
1252 1390 0
1390 1599 83
1599 1854 21
1854 2051 36
2051 2179 56
1252 1391 0
1391 1600 84
1600 1855 83
1252 1392 0
1392 1601 74
1601 1856 93
2050 2267 70
2179 2267 48
1855 2267 73
1856 2267 93
60 223 0
1251 1388 0
1387 1596 0
61 229 0
223 537 26
1388 1597 22
1596 1852 92
229 543 64
2267 2320 63
14 62 65
62 230 67
230 544 20
544 799 70
62 231 0
231 545 79
545 800 26
800 962 60
62 232 0
232 546 33
546 801 68
801 963 32
62 233 0
233 547 43
547 802 79
802 964 34
964 1081 26
799 1169 79
962 1169 73
963 1169 75
1081 1169 78
1169 1253 59
1253 1393 22
1393 1602 49
1602 1857 46
1857 2052 75
2052 2180 51
2180 2268 82
1393 1603 0
1603 1858 44
1393 1604 0
1604 1859 11
1859 2053 70
2053 2181 68
1393 1605 0
1605 1860 73
1860 2054 24
2054 2182 56
2182 2269 53
2268 2321 92
1858 2321 14
2181 2321 24
2269 2321 58
14 63 0
63 235 94
235 549 87
549 803 82
803 965 73
63 236 0
236 550 17
63 237 0
237 551 74
551 804 84
804 966 89
965 1082 36
550 1082 25
966 1082 49
1082 1170 43
1170 1254 69
1254 1395 31
1395 1608 48
1254 1396 0
1396 1609 70
1254 1397 0
1397 1610 70
1254 1398 0
1398 1611 72
1611 1862 47
1862 2055 92
2055 2183 78
1254 1399 0
1399 1612 91
1612 1863 74
1608 2270 78
1609 2270 76
1610 2270 94
2183 2270 26
1863 2270 65
62 234 0
1253 1394 0
1393 1606 0
63 238 0
234 548 85
1394 1607 53
1606 1861 14
238 552 34
2270 2322 12
15 64 82
64 239 16
239 553 72
553 805 61
805 967 14
967 1083 60
64 240 0
240 554 42
554 806 10
806 968 15
968 1084 52
1083 1171 76
1084 1171 79
1171 1255 49
1255 1400 95
1400 1613 19
1613 1864 37
1400 1614 0
1614 1865 41
1865 2056 45
2056 2184 77
2184 2271 57
1400 1615 0
1615 1866 80
1864 2323 26
2271 2323 22
1866 2323 62
15 65 0
65 242 47
242 556 33
556 807 38
65 243 0
243 557 48
557 808 32
808 969 15
807 1085 36
969 1085 24
1085 1172 59
1172 1256 77
1256 1402 49
1402 1618 80
1618 1868 95
1868 2057 43
1256 1403 0
1403 1619 87
1619 1869 24
1869 2058 51
2058 2185 92
1256 1404 0
1404 1620 60
1620 1870 86
1256 1405 0
1405 1621 87
1621 1871 79
1256 1406 0
1406 1622 18
1622 1872 41
1872 2059 11
2057 2272 26
2185 2272 90
1870 2272 25
1871 2272 34
2059 2272 29
64 241 0
1255 1401 0
1400 1616 0
65 244 0
241 555 22
1401 1617 24
1616 1867 16
244 558 21
2272 2324 60
16 66 81
66 245 49
245 559 27
559 809 39
809 970 70
970 1086 43
66 246 0
246 560 88
560 810 66
66 247 0
247 561 35
66 248 0
248 562 46
562 811 34
811 971 54
971 1087 98
1086 1173 46
810 1173 60
561 1173 32
1087 1173 57
1173 1257 60
1257 1407 79
1407 1623 32
1623 1873 15
1873 2060 61
2060 2186 53
1407 1624 0
1624 1874 23
1874 2061 41
2061 2187 79
2186 2273 73
2187 2273 13
16 67 0
67 250 63
250 564 55
564 812 68
67 251 0
251 565 97
565 813 100
67 252 0
252 566 86
566 814 70
814 972 17
972 1088 32
67 253 0
253 567 30
567 815 85
815 973 29
812 1174 63
813 1174 34
1088 1174 86
973 1174 19
1174 1258 69
1258 1409 28
1409 1627 97
1627 1876 62
1876 2062 51
2062 2188 16
2188 2274 22
1409 1628 0
1628 1877 62
1877 2063 43
1409 1629 0
1629 1878 73
1878 2064 78
2274 2325 27
2063 2325 73
2064 2325 39
66 249 0
1257 1408 0
1407 1625 0
67 254 0
249 563 29
1408 1626 81
1625 1875 78
254 568 16
2325 2348 10
17 68 10
68 255 100
255 569 62
68 256 0
256 570 63
570 816 57
816 974 25
68 257 0
257 571 37
571 817 72
817 975 86
975 1089 18
569 1175 85
974 1175 14
1089 1175 38
1175 1259 24
1259 1410 48
1410 1630 56
1630 1879 36
1410 1631 0
1631 1880 13
1880 2065 56
1879 2189 12
2065 2189 91
17 69 0
69 259 23
259 573 25
573 818 31
818 976 92
976 1090 40
69 260 0
260 574 24
574 819 69
69 261 0
261 575 81
575 820 87
820 977 18
69 262 0
262 576 95
69 263 0
263 577 74
577 821 60
821 978 65
978 1091 30
1090 1176 10
819 1176 14
977 1176 49
576 1176 19
1091 1176 58
1176 1260 70
1260 1412 92
1412 1634 93
1634 1882 37
1882 2066 37
1412 1635 0
1635 1883 71
1883 2067 56
2067 2190 80
2190 2275 93
1412 1636 0
1636 1884 89
1884 2068 86
2068 2191 66
2191 2276 68
1412 1637 0
1637 1885 10
1885 2069 71
1412 1638 0
1638 1886 91
1886 2070 70
2070 2192 22
2192 2277 22
2066 2326 36
2275 2326 41
2276 2326 51
2069 2326 87
2277 2326 27
68 258 0
1259 1411 0
1410 1632 0
69 264 0
258 572 18
1411 1633 90
1632 1881 93
264 578 20
2326 2349 18
18 70 69
70 265 59
265 579 67
579 822 88
822 979 17
979 1092 37
70 266 0
266 580 69
70 267 0
267 581 16
581 823 17
70 268 0
268 582 92
582 824 13
1092 1177 100
580 1177 77
823 1177 28
824 1177 84
1177 1261 19
1261 1413 27
1413 1639 66
1639 1887 66
1887 2071 90
2071 2193 75
1413 1640 0
1640 1888 25
1413 1641 0
1641 1889 24
1889 2072 78
2072 2194 72
2194 2278 35
1413 1642 0
1642 1890 27
1890 2073 84
2073 2195 27
2195 2279 59
1413 1643 0
1643 1891 62
1891 2074 39
2074 2196 64
2193 2327 39
1888 2327 55
2278 2327 29
2279 2327 33
2196 2327 13
18 71 0
71 270 19
270 584 80
584 825 18
71 271 0
271 585 27
585 826 95
826 980 43
980 1093 52
71 272 0
272 586 32
586 827 45
827 981 15
981 1094 28
71 273 0
273 587 12
587 828 32
828 982 37
982 1095 84
71 274 0
274 588 74
588 829 36
829 983 87
825 1178 21
1093 1178 91
1094 1178 55
1095 1178 81
983 1178 82
1178 1262 11
1262 1415 95
1415 1646 45
1646 1893 62
1415 1647 0
1647 1894 99
1894 2075 27
2075 2197 86
1893 2280 36
2197 2280 25
70 269 0
1261 1414 0
1413 1644 0
71 275 0
269 583 70
1414 1645 49
1644 1892 47
275 589 74
2280 2328 29
19 72 77
72 276 73
276 590 51
590 830 17
830 984 33
984 1096 43
72 277 0
277 591 77
591 831 12
72 278 0
278 592 93
592 832 91
832 985 81
72 279 0
279 593 15
593 833 35
833 986 39
986 1097 68
1096 1179 52
831 1179 84
985 1179 55
1097 1179 68
1179 1263 99
1263 1416 88
1416 1648 100
1648 1895 32
1895 2076 43
2076 2198 85
2198 2281 28
1416 1649 0
1649 1896 60
1416 1650 0
1650 1897 19
1416 1651 0
1651 1898 42
1416 1652 0
1652 1899 69
2281 2329 97
1896 2329 75
1897 2329 31
1898 2329 66
1899 2329 12
19 73 0
73 281 52
281 595 79
73 282 0
282 596 54
596 834 59
834 987 35
987 1098 99
595 1180 23
1098 1180 27
1180 1264 57
1264 1418 37
1418 1655 93
1655 1901 28
1418 1656 0
1656 1902 80
1902 2077 37
1901 2199 52
2077 2199 66
72 280 0
1263 1417 0
1416 1653 0
73 283 0
280 594 97
1417 1654 36
1653 1900 50
283 597 61
2199 2282 73
20 74 16
74 284 40
284 598 12
598 835 100
74 285 0
285 599 59
599 836 34
836 988 43
74 286 0
286 600 66
600 837 22
837 989 63
989 1099 31
74 287 0
287 601 88
601 838 46
838 990 72
74 288 0
288 602 94
602 839 11
839 991 75
835 1181 62
988 1181 65
1099 1181 68
990 1181 82
991 1181 31
1181 1265 42
1265 1419 56
1419 1657 25
1657 1903 46
1419 1658 0
1658 1904 81
1904 2078 35
2078 2200 24
2200 2283 18
1419 1659 0
1659 1905 10
1419 1660 0
1660 1906 77
1906 2079 56
2079 2201 100
1903 2330 51
2283 2330 72
1905 2330 63
2201 2330 29
20 75 0
75 290 87
290 604 73
604 840 45
840 992 95
75 291 0
291 605 11
605 841 44
75 292 0
292 606 46
75 293 0
293 607 64
607 842 70
842 993 44
993 1100 83
75 294 0
294 608 55
608 843 62
843 994 17
994 1101 64
992 1182 71
841 1182 24
606 1182 48
1100 1182 96
1101 1182 86
1182 1266 94
1266 1421 95
1421 1663 24
1663 1908 73
1908 2080 74
1421 1664 0
1664 1909 76
1909 2081 59
2081 2202 91
2202 2284 27
1421 1665 0
1665 1910 76
1910 2082 15
2080 2331 89
2284 2331 61
2082 2331 56
74 289 0
1265 1420 0
1419 1661 0
75 295 0
289 603 41
1420 1662 25
1661 1907 69
295 609 81
2331 2350 71
21 76 39
76 296 75
296 610 48
76 297 0
297 611 59
611 844 11
844 995 52
76 298 0
298 612 14
612 845 13
845 996 51
996 1102 84
610 1183 89
995 1183 73
1102 1183 73
1183 1267 70
1267 1422 68
1422 1666 44
1666 1911 38
1422 1667 0
1667 1912 25
1912 2083 45
2083 2203 17
2203 2285 65
1422 1668 0
1668 1913 61
1913 2084 22
1422 1669 0
1669 1914 53
1914 2085 37
2085 2204 15
2204 2286 91
1911 2332 39
2285 2332 45
2084 2332 21
2286 2332 70
21 77 0
77 300 39
300 614 65
614 846 87
846 997 45
997 1103 71
77 301 0
301 615 18
77 302 0
302 616 70
616 847 60
847 998 69
77 303 0
303 617 77
617 848 94
848 999 86
1103 1184 16
615 1184 31
998 1184 88
999 1184 70
1184 1268 62
1268 1424 81
1424 1672 80
1672 1916 66
1916 2086 98
2086 2205 20
2205 2287 39
1424 1673 0
1673 1917 39
1917 2087 82
2087 2206 16
2287 2333 86
2206 2333 77
76 299 0
1267 1423 0
1422 1670 0
77 304 0
299 613 27
1423 1671 71
1670 1915 61
304 618 79
2333 2351 65
22 78 78
78 305 53
305 619 64
619 849 69
78 306 0
306 620 29
620 850 41
850 1000 78
1000 1104 53
78 307 0
307 621 33
621 851 84
851 1001 25
78 308 0
308 622 81
622 852 92
852 1002 63
1002 1105 33
78 309 0
309 623 76
623 853 19
849 1185 64
1104 1185 72
1001 1185 19
1105 1185 63
853 1185 53
1185 1269 72
1269 1425 40
1425 1674 39
1674 1918 57
1425 1675 0
1675 1919 100
1919 2088 99
1425 1676 0
1676 1920 78
1920 2089 71
2089 2207 40
1425 1677 0
1677 1921 80
1921 2090 26
2090 2208 39
1425 1678 0
1678 1922 85
1918 2288 96
2088 2288 83
2207 2288 97
2208 2288 23
1922 2288 57
22 79 0
79 311 12
311 625 69
625 854 48
79 312 0
312 626 100
626 855 91
855 1003 63
79 313 0
313 627 74
627 856 76
856 1004 41
79 314 0
314 628 74
79 315 0
315 629 55
629 857 12
857 1005 22
854 1106 86
1003 1106 16
1004 1106 33
628 1106 85
1005 1106 57
1106 1186 88
1186 1270 35
1270 1427 10
1427 1681 64
1681 1924 99
1270 1428 0
1428 1682 44
1682 1925 26
1270 1429 0
1429 1683 60
1924 2091 40
1925 2091 51
1683 2091 32
78 310 0
1269 1426 0
1425 1679 0
79 316 0
310 624 97
1426 1680 11
1679 1923 27
316 630 49
2091 2209 22
23 80 94
80 317 47
317 631 82
631 858 16
80 318 0
318 632 54
632 859 98
80 319 0
319 633 17
633 860 82
80 320 0
320 634 61
634 861 98
861 1006 90
858 1107 48
859 1107 30
860 1107 85
1006 1107 11
1107 1187 62
1187 1271 48
1271 1430 71
1430 1684 23
1684 1926 93
1271 1431 0
1431 1685 15
1685 1927 16
1927 2092 86
1271 1432 0
1432 1686 33
1686 1928 81
1928 2093 12
1271 1433 0
1433 1687 39
1687 1929 86
1271 1434 0
1434 1688 49
1926 2210 93
2092 2210 57
2093 2210 51
1929 2210 70
1688 2210 48
23 81 0
81 322 79
322 636 87
636 862 33
862 1007 69
1007 1108 89
81 323 0
323 637 79
81 324 0
324 638 37
638 863 59
863 1008 56
1008 1109 89
1108 1188 63
637 1188 73
1109 1188 21
1188 1273 81
1273 1437 39
1437 1690 81
1690 1930 33
1930 2094 33
2094 2211 36
2211 2289 56
1437 1691 0
1691 1931 38
1931 2095 81
2095 2212 16
1437 1692 0
1692 1932 61
1932 2096 53
2289 2334 49
2212 2334 91
2096 2334 50
80 321 0
1187 1272 0
1271 1435 0
81 325 0
321 635 46
1272 1436 88
1435 1689 27
325 639 83
2334 2352 10
24 82 76
82 326 75
326 640 94
82 327 0
327 641 44
641 864 12
864 1009 59
82 328 0
328 642 19
642 865 50
82 329 0
329 643 24
643 866 17
866 1010 61
640 1110 67
1009 1110 21
865 1110 44
1010 1110 99
1110 1189 57
1189 1274 77
1274 1438 82
1438 1693 34
1274 1439 0
1439 1694 77
1694 1933 55
1693 2097 53
1933 2097 86
24 83 0
83 331 84
331 645 24
645 867 73
867 1011 34
1011 1111 69
83 332 0
332 646 92
83 333 0
333 647 34
647 868 24
868 1012 37
83 334 0
334 648 68
648 869 87
83 335 0
335 649 92
649 870 43
870 1013 93
1013 1112 16
1111 1190 12
646 1190 95
1012 1190 18
869 1190 34
1112 1190 69
1190 1276 41
1276 1442 89
1442 1696 20
1696 1934 30
1934 2098 39
2098 2213 89
2213 2290 99
1442 1697 0
1697 1935 62
1442 1698 0
1698 1936 93
1936 2099 61
2099 2214 32
1442 1699 0
1699 1937 97
1442 1700 0
1700 1938 63
1938 2100 35
2100 2215 25
2290 2335 79
1935 2335 97
2214 2335 96
1937 2335 57
2215 2335 93
82 330 0
1189 1275 0
1274 1440 0
83 336 0
330 644 86
1275 1441 61
1440 1695 26
336 650 51
2335 2353 29
25 84 87
84 337 97
337 651 77
84 338 0
338 652 90
652 871 73
84 339 0
339 653 85
653 872 95
872 1014 21
651 1113 48
871 1113 46
1014 1113 43
1113 1191 40
1191 1277 97
1277 1443 44
1443 1701 44
1701 1939 78
1939 2101 48
2101 2216 65
1277 1444 0
1444 1702 20
1702 1940 18
1277 1445 0
1445 1703 80
1703 1941 68
1277 1446 0
1446 1704 99
1704 1942 92
1942 2102 36
2102 2217 12
1277 1447 0
1447 1705 56
1705 1943 12
2216 2291 95
1940 2291 13
1941 2291 63
2217 2291 18
1943 2291 66
25 85 0
85 341 56
341 655 85
85 342 0
342 656 96
656 873 44
873 1015 77
1015 1114 95
85 343 0
343 657 21
657 874 42
874 1016 33
655 1192 62
1114 1192 51
1016 1192 55
1192 1279 48
1279 1450 48
1450 1707 12
1707 1944 50
1944 2103 63
2103 2218 84
2218 2292 15
1450 1708 0
1708 1945 30
1945 2104 14
2104 2219 11
1450 1709 0
1709 1946 61
1450 1710 0
1710 1947 35
1947 2105 30
1450 1711 0
1711 1948 83
1948 2106 25
2106 2220 81
2292 2336 53
2219 2336 75
1946 2336 88
2105 2336 43
2220 2336 53
84 340 0
1191 1278 0
1277 1448 0
85 344 0
340 654 24
1278 1449 71
1448 1706 61
344 658 75
2336 2354 22
26 86 50
86 345 65
345 659 10
659 875 36
86 346 0
346 660 97
86 347 0
347 661 93
661 876 48
876 1017 90
1017 1115 94
86 348 0
348 662 45
86 349 0
349 663 43
663 877 73
877 1018 71
875 1193 35
660 1193 84
1115 1193 89
662 1193 69
1018 1193 77
1193 1280 89
1280 1451 70
1451 1712 39
1712 1949 49
1949 2107 65
2107 2221 46
1451 1713 0
1713 1950 85
1950 2108 63
2108 2222 83
1451 1714 0
1714 1951 97
1951 2109 16
2109 2223 87
1451 1715 0
1715 1952 63
2221 2293 21
2222 2293 55
2223 2293 59
1952 2293 16
26 87 0
87 351 36
351 665 29
665 878 68
878 1019 89
1019 1116 35
87 352 0
352 666 22
1116 1194 79
666 1194 22
1194 1281 58
1281 1453 64
1453 1718 85
1718 1954 78
1954 2110 43
2110 2224 36
1453 1719 0
1719 1955 74
1955 2111 10
1453 1720 0
1720 1956 72
1956 2112 98
2112 2225 96
2225 2294 16
1453 1721 0
1721 1957 26
1957 2113 72
2113 2226 67
2226 2295 88
2224 2337 31
2111 2337 66
2294 2337 25
2295 2337 26
86 350 0
1280 1452 0
1451 1716 0
87 353 0
350 664 79
1452 1717 19
1716 1953 60
353 667 27
2337 2355 46
27 88 10
88 354 75
354 668 27
668 879 72
88 355 0
355 669 97
669 880 20
880 1020 73
88 356 0
356 670 61
88 357 0
357 671 50
671 881 51
881 1021 33
879 1117 100
1020 1117 100
670 1117 26
1021 1117 40
1117 1195 67
1195 1282 83
1282 1454 77
1454 1722 75
1722 1958 50
1958 2114 38
1282 1455 0
1455 1723 32
1723 1959 25
1959 2115 77
2114 2227 22
2115 2227 77
27 89 0
89 359 55
359 673 74
673 882 65
882 1022 65
1022 1118 13
89 360 0
360 674 15
674 883 42
89 361 0
361 675 31
675 884 78
884 1023 76
1023 1119 28
89 362 0
362 676 95
676 885 21
885 1024 76
1024 1120 96
1118 1196 16
883 1196 21
1119 1196 62
1120 1196 56
1196 1284 47
1284 1458 85
1458 1725 86
1725 1960 57
1458 1726 0
1726 1961 55
1961 2116 84
2116 2228 94
2228 2296 42
1960 2338 68
2296 2338 89
88 358 0
1195 1283 0
1282 1456 0
89 363 0
358 672 36
1283 1457 49
1456 1724 14
363 677 64
2338 2356 36
28 90 65
90 364 92
364 678 30
90 365 0
365 679 59
679 886 55
90 366 0
366 680 46
680 887 16
678 1025 68
886 1025 20
887 1025 98
1025 1121 96
1121 1197 43
1197 1285 90
1285 1459 34
1459 1727 63
1727 1962 45
1197 1286 0
1286 1460 77
1460 1728 33
1728 1963 73
1197 1287 0
1287 1461 54
1197 1288 0
1288 1462 98
1462 1729 50
1962 2117 33
1963 2117 33
1461 2117 98
1729 2117 42
28 91 0
91 368 78
368 682 73
682 888 47
888 1026 86
91 369 0
369 683 87
683 889 18
1026 1122 53
889 1122 21
1122 1199 10
1199 1291 12
1291 1464 71
1464 1730 100
1291 1465 0
1465 1731 62
1291 1466 0
1466 1732 62
1732 1964 77
1291 1467 0
1467 1733 13
1733 1965 59
1965 2118 14
2118 2229 70
1730 2297 85
1731 2297 53
1964 2297 100
2229 2297 49
90 367 0
1121 1198 0
1197 1289 0
91 370 0
367 681 84
1198 1290 37
1289 1463 19
370 684 40
2297 2339 55
29 92 55
92 371 72
371 685 75
685 890 31
890 1027 48
92 372 0
372 686 88
1027 1123 41
686 1123 53
1123 1200 11
1200 1292 51
1292 1468 100
1468 1734 79
1734 1966 69
1966 2119 97
2119 2230 41
1292 1469 0
1469 1735 23
1735 1967 55
1292 1470 0
1470 1736 58
1736 1968 27
1968 2120 24
2120 2231 61
1292 1471 0
1471 1737 27
1737 1969 80
1969 2121 55
2230 2298 12
1967 2298 92
2231 2298 75
2121 2298 37
29 93 0
93 374 91
374 688 47
688 891 91
93 375 0
375 689 33
93 376 0
376 690 53
690 892 62
892 1028 53
1028 1124 55
93 377 0
377 691 42
691 893 47
893 1029 35
1029 1125 54
891 1201 38
689 1201 69
1124 1201 76
1125 1201 38
1201 1294 50
1294 1474 40
1474 1739 34
1739 1970 23
1970 2122 74
2122 2232 73
2232 2299 85
1474 1740 0
1740 1971 84
1971 2123 19
2123 2233 98
2233 2300 57
1474 1741 0
1741 1972 21
1972 2124 73
2124 2234 42
1474 1742 0
1742 1973 29
1973 2125 43
2299 2340 39
2300 2340 60
2234 2340 40
2125 2340 100
92 373 0
1200 1293 0
1292 1472 0
93 378 0
373 687 20
1293 1473 43
1472 1738 72
378 692 35
2340 2357 34
30 94 19
94 379 29
379 693 19
693 894 29
94 380 0
380 694 94
894 1030 38
694 1030 43
1030 1126 57
1126 1202 25
1202 1295 57
1295 1475 38
1475 1743 31
1202 1296 0
1296 1476 28
1743 1974 14
1476 1974 52
30 95 0
95 382 57
382 696 74
696 895 54
895 1031 58
1031 1127 72
95 383 0
383 697 74
697 896 40
896 1032 15
1032 1128 28
95 384 0
384 698 80
95 385 0
385 699 18
699 897 30
897 1033 47
95 386 0
386 700 39
700 898 69
898 1034 29
1034 1129 70
1127 1204 46
1128 1204 18
698 1204 10
1033 1204 71
1129 1204 33
1204 1299 48
1299 1478 17
1478 1744 87
1744 1975 36
1975 2126 93
2126 2235 29
1478 1745 0
1745 1976 90
1976 2127 18
2235 2301 97
2127 2301 34
94 381 0
1126 1203 0
1202 1297 0
95 387 0
381 695 41
1203 1298 81
1297 1477 44
387 701 11
2301 2341 24
31 96 97
96 388 15
388 702 81
702 899 53
96 389 0
389 703 23
703 900 64
900 1035 93
1035 1130 53
96 390 0
390 704 87
704 901 85
901 1036 28
96 391 0
391 705 83
705 902 61
902 1037 41
899 1205 73
1130 1205 76
1036 1205 19
1037 1205 59
1205 1300 66
1300 1479 42
1479 1746 84
1746 1977 70
1977 2128 99
2128 2236 78
1479 1747 0
1747 1978 84
1978 2129 96
1479 1748 0
1748 1979 13
1979 2130 38
2130 2237 22
2237 2302 44
1479 1749 0
1749 1980 54
1980 2131 88
2131 2238 32
1479 1750 0
1750 1981 25
2236 2342 61
2129 2342 48
2302 2342 74
2238 2342 63
1981 2342 54
31 97 0
97 393 43
393 707 62
707 903 94
903 1038 52
97 394 0
394 708 88
708 904 34
904 1039 44
1038 1131 80
1039 1131 81
1131 1206 43
1206 1301 27
1301 1481 97
1481 1753 44
1301 1482 0
1482 1754 21
1754 1983 68
1983 2132 32
1301 1483 0
1483 1755 71
1755 1984 46
1301 1484 0
1484 1756 15
1756 1985 56
1301 1485 0
1485 1757 31
1757 1986 24
1753 2239 96
2132 2239 19
1984 2239 73
1985 2239 67
1986 2239 17
96 392 0
1300 1480 0
1479 1751 0
97 395 0
392 706 13
1480 1752 84
1751 1982 18
395 709 73
2239 2303 73
32 98 88
98 396 63
396 710 20
710 905 35
905 1040 30
98 397 0
397 711 86
98 398 0
398 712 26
712 906 48
98 399 0
399 713 89
98 400 0
400 714 63
714 907 66
907 1041 96
1041 1132 19
1040 1207 76
711 1207 14
906 1207 31
713 1207 19
1132 1207 73
1207 1302 65
1302 1486 16
1486 1758 55
1758 1987 94
1987 2133 16
1486 1759 0
1759 1988 54
1988 2134 53
2134 2240 39
2240 2304 79
1486 1760 0
1760 1989 88
1486 1761 0
1761 1990 10
1990 2135 70
2135 2241 87
2241 2305 45
2133 2343 28
2304 2343 53
1989 2343 68
2305 2343 95
32 99 0
99 402 36
402 716 91
99 403 0
403 717 80
717 908 33
908 1042 55
1042 1133 47
99 404 0
404 718 38
99 405 0
405 719 29
719 909 94
909 1043 33
1043 1134 49
716 1208 53
1133 1208 35
718 1208 99
1134 1208 74
1208 1303 66
1303 1488 58
1488 1764 45
1764 1992 27
1488 1765 0
1765 1993 69
1993 2136 42
1488 1766 0
1766 1994 60
1994 2137 20
2137 2242 41
2242 2306 22
1488 1767 0
1767 1995 76
1995 2138 31
2138 2243 96
2243 2307 88
1488 1768 0
1768 1996 34
1996 2139 26
1992 2344 98
2136 2344 98
2306 2344 16
2307 2344 86
2139 2344 93
98 401 0
1302 1487 0
1486 1762 0
99 406 0
401 715 51
1487 1763 94
1762 1991 22
406 720 41
2344 2358 16
33 100 25
100 407 70
407 721 29
721 910 10
910 1044 53
100 408 0
408 722 53
100 409 0
409 723 45
723 911 83
911 1045 20
1044 1135 93
722 1135 57
1045 1135 60
1135 1209 36
1209 1304 64
1304 1489 66
1489 1769 89
1304 1490 0
1490 1770 70
1769 1997 24
1770 1997 13
33 101 0
101 411 36
411 725 31
725 912 53
912 1046 25
1046 1136 76
101 412 0
412 726 64
726 913 38
913 1047 16
1047 1137 40
101 413 0
413 727 80
727 914 88
101 414 0
414 728 82
1136 1210 72
1137 1210 18
914 1210 56
728 1210 32
1210 1306 92
1306 1493 70
1493 1772 75
1772 1998 81
1493 1773 0
1773 1999 65
1998 2140 93
1999 2140 59
100 410 0
1209 1305 0
1304 1491 0
101 415 0
410 724 77
1305 1492 12
1491 1771 32
415 729 25
2140 2244 26
2309 2359 87
2247 2359 82
2345 2359 73
2311 2359 35
2346 2359 49
2314 2359 63
2256 2359 56
2315 2359 35
2167 2359 85
2317 2359 96
2347 2359 11
2175 2359 35
2319 2359 43
2320 2359 58
2322 2359 15
2324 2359 67
2348 2359 29
2349 2359 70
2328 2359 30
2282 2359 30
2350 2359 59
2351 2359 91
2209 2359 46
2352 2359 43
2353 2359 63
2354 2359 55
2355 2359 54
2356 2359 75
2339 2359 92
2357 2359 86
2341 2359 77
2303 2359 10
2358 2359 54
2244 2359 20
