2360 2704
0 34 66
34 102 35
102 416 76
416 730 66
730 915 38
915 1048 26
34 103 0
103 417 55
34 104 0
104 418 24
418 731 81
731 916 21
916 1049 55
34 105 0
105 419 63
419 732 89
732 917 41
34 106 0
106 420 38
1048 1138 47
417 1138 40
1049 1138 52
917 1138 33
420 1138 28
1138 1211 11
1211 1307 69
1307 1494 95
1494 1774 14
1774 2000 75
2000 2141 41
1307 1495 0
1495 1775 53
1775 2001 32
2001 2142 92
2142 2245 63
1307 1496 0
1496 1776 76
1776 2002 76
2002 2143 63
2141 2308 98
2245 2308 59
2143 2308 76
0 35 0
35 108 77
108 422 70
35 109 0
109 423 97
423 733 41
733 918 83
422 1050 12
918 1050 34
1050 1139 93
1139 1212 53
1212 1309 14
1309 1499 87
1499 1778 27
1212 1310 0
1310 1500 16
1212 1311 0
1311 1501 23
1212 1312 0
1312 1502 82
1502 1779 63
1779 2003 27
2003 2144 100
1212 1313 0
1313 1503 63
1503 1780 27
1780 2004 52
1778 2246 26
1500 2246 84
1501 2246 65
2144 2246 85
2004 2246 72
34 107 0
1211 1308 0
1307 1497 0
35 110 0
107 421 72
1308 1498 58
1497 1777 94
110 424 95
2246 2309 36
1 36 77
36 111 83
111 425 28
425 734 50
36 112 0
112 426 16
36 113 0
113 427 28
427 735 80
36 114 0
114 428 49
734 919 99
426 919 18
735 919 40
428 919 96
919 1051 91
1051 1140 31
1140 1213 33
1213 1314 76
1314 1504 39
1504 1781 23
1781 2005 68
1140 1214 0
1214 1315 94
1315 1505 47
1505 1782 24
2005 2145 11
1782 2145 79
1 37 0
37 116 70
116 430 27
430 736 49
37 117 0
117 431 31
431 737 18
737 920 69
920 1052 53
37 118 0
118 432 51
37 119 0
119 433 83
736 1142 63
1052 1142 75
432 1142 70
433 1142 67
1142 1217 32
1217 1317 46
1317 1506 69
1506 1783 70
1783 2006 26
1317 1507 0
1507 1784 49
1317 1508 0
1508 1785 69
1785 2007 69
2006 2146 93
1784 2146 62
2007 2146 56
36 115 0
1051 1141 0
1140 1215 0
37 120 0
115 429 49
1141 1216 55
1215 1316 39
120 434 61
2146 2247 51
2 38 60
38 121 77
121 435 96
435 738 96
738 921 71
38 122 0
122 436 98
38 123 0
123 437 47
437 739 36
921 1053 45
436 1053 19
739 1053 49
1053 1143 74
1143 1218 28
1218 1318 32
1318 1509 13
1509 1786 27
1786 2008 95
2008 2147 87
1218 1319 0
1319 1510 87
1218 1320 0
1320 1511 57
1511 1787 35
1787 2009 44
1218 1321 0
1321 1512 70
1512 1788 29
1788 2010 50
2010 2148 39
2147 2248 68
1510 2248 85
2009 2248 22
2148 2248 40
2 39 0
39 125 96
125 439 74
39 126 0
126 440 49
440 740 22
740 922 36
922 1054 50
39 127 0
127 441 65
441 741 92
439 1144 33
1054 1144 84
741 1144 76
1144 1220 24
1220 1324 65
1324 1514 57
1514 1789 52
1789 2011 74
2011 2149 64
2149 2249 49
1324 1515 0
1515 1790 76
1790 2012 20
2012 2150 61
2150 2250 24
1324 1516 0
1516 1791 100
1791 2013 24
2013 2151 50
1324 1517 0
1517 1792 65
1324 1518 0
1518 1793 47
1793 2014 48
2014 2152 17
2249 2310 50
2250 2310 44
2151 2310 81
1792 2310 35
2152 2310 46
38 124 0
1143 1219 0
1218 1322 0
39 128 0
124 438 74
1219 1323 34
1322 1513 20
128 442 15
2310 2345 73
3 40 30
40 129 84
129 443 13
443 742 15
742 923 53
40 130 0
130 444 57
444 743 88
743 924 56
923 1055 14
924 1055 93
1055 1145 65
1145 1221 70
1221 1325 65
1325 1519 81
1221 1326 0
1326 1520 14
1520 1794 21
1794 2015 13
1221 1327 0
1327 1521 80
1521 1795 69
1221 1328 0
1328 1522 40
1221 1329 0
1329 1523 11
1519 2153 30
2015 2153 43
1795 2153 64
1522 2153 55
1523 2153 44
3 41 0
41 132 25
132 446 41
41 133 0
133 447 60
447 744 10
744 925 22
41 134 0
134 448 43
448 745 69
745 926 50
41 135 0
135 449 13
449 746 26
446 1056 20
925 1056 61
926 1056 28
746 1056 51
1056 1146 95
1146 1223 67
1223 1332 54
1332 1525 87
1525 1796 43
1223 1333 0
1333 1526 91
1526 1797 26
1797 2016 36
2016 2154 80
1796 2251 44
2154 2251 10
40 131 0
1145 1222 0
1221 1330 0
41 136 0
131 445 37
1222 1331 94
1330 1524 12
136 450 21
2251 2311 73
4 42 93
42 137 75
137 451 17
42 138 0
138 452 48
452 747 10
747 927 60
927 1057 50
42 139 0
139 453 73
453 748 18
451 1147 41
1057 1147 69
748 1147 20
1147 1224 35
1224 1334 38
1334 1527 51
1527 1798 42
1334 1528 0
1528 1799 44
1799 2017 71
2017 2155 58
2155 2252 79
1334 1529 0
1529 1800 86
1800 2018 77
2018 2156 51
1798 2312 91
2252 2312 36
2156 2312 60
4 43 0
43 141 13
141 455 23
43 142 0
142 456 54
456 749 89
749 928 38
928 1058 29
43 143 0
143 457 86
457 750 84
43 144 0
144 458 18
458 751 100
455 1148 27
1058 1148 46
750 1148 68
751 1148 36
1148 1225 53
1225 1336 35
1336 1532 71
1532 1802 39
1802 2019 54
2019 2157 87
1336 1533 0
1533 1803 55
1803 2020 38
2020 2158 27
1336 1534 0
1534 1804 21
1804 2021 100
2021 2159 56
2159 2253 64
1336 1535 0
1535 1805 45
2157 2313 28
2158 2313 34
2253 2313 20
1805 2313 37
42 140 0
1224 1335 0
1334 1530 0
43 145 0
140 454 51
1335 1531 32
1530 1801 70
145 459 17
2313 2346 46
5 44 38
44 146 40
146 460 43
44 147 0
147 461 42
461 752 41
752 929 85
44 148 0
148 462 97
462 753 67
753 930 38
930 1059 40
44 149 0
149 463 82
463 754 23
754 931 22
931 1060 22
44 150 0
150 464 19
464 755 54
755 932 33
460 1149 62
929 1149 93
1059 1149 33
1060 1149 62
932 1149 83
1149 1226 91
1226 1337 49
1337 1536 20
1536 1806 71
1337 1537 0
1537 1807 99
1807 2022 54
1337 1538 0
1538 1808 47
1808 2023 44
2023 2160 11
1806 2254 27
2022 2254 29
2160 2254 50
5 45 0
45 152 18
152 466 45
466 756 53
45 153 0
153 467 39
467 757 85
757 933 59
45 154 0
154 468 63
468 758 70
758 934 82
45 155 0
155 469 28
45 156 0
156 470 85
470 759 35
756 1061 10
933 1061 36
934 1061 83
469 1061 83
759 1061 78
1061 1150 48
1150 1227 57
1227 1339 53
1339 1541 77
1541 1810 63
1227 1340 0
1340 1542 95
1542 1811 52
1227 1341 0
1341 1543 21
1543 1812 90
1227 1342 0
1342 1544 21
1227 1343 0
1343 1545 42
1545 1813 23
1813 2024 59
2024 2161 53
1810 2255 73
1811 2255 50
1812 2255 24
1544 2255 60
2161 2255 10
44 151 0
1226 1338 0
1337 1539 0
45 157 0
151 465 47
1338 1540 32
1539 1809 27
157 471 18
2255 2314 81
6 46 33
46 158 80
158 472 57
472 760 38
46 159 0
159 473 61
473 761 71
761 935 83
46 160 0
160 474 93
760 1062 26
935 1062 96
474 1062 32
1062 1151 42
1151 1228 63
1228 1344 37
1344 1546 88
1546 1814 13
1814 2025 82
1228 1345 0
1345 1547 72
1547 1815 26
1228 1346 0
1346 1548 16
2025 2162 20
1815 2162 45
1548 2162 74
6 47 0
47 162 19
162 476 90
47 163 0
163 477 39
477 762 40
476 936 94
762 936 50
936 1063 89
1063 1152 40
1152 1230 85
1230 1349 75
1349 1550 76
1152 1231 0
1231 1350 23
1350 1551 40
1551 1816 82
1816 2026 76
1152 1232 0
1232 1351 96
1550 2163 93
2026 2163 79
1351 2163 70
46 161 0
1151 1229 0
1228 1347 0
47 164 0
161 475 73
1229 1348 16
1347 1549 56
164 478 55
2163 2256 76
7 48 82
48 165 71
165 479 30
479 763 23
48 166 0
166 480 100
480 764 79
48 167 0
167 481 32
481 765 16
48 168 0
168 482 10
482 766 13
766 937 65
763 1064 77
764 1064 26
765 1064 57
937 1064 12
1064 1153 72
1153 1233 60
1233 1352 11
1352 1552 70
1552 1817 93
1817 2027 87
1233 1353 0
1353 1553 23
1553 1818 34
1818 2028 55
2027 2164 47
2028 2164 27
7 49 0
49 170 43
170 484 99
49 171 0
171 485 16
49 172 0
172 486 36
486 767 63
767 938 27
49 173 0
173 487 23
49 174 0
174 488 89
488 768 59
484 1065 42
485 1065 10
938 1065 53
487 1065 56
768 1065 91
1065 1154 52
1154 1235 88
1235 1356 70
1356 1555 62
1555 1819 72
1235 1357 0
1357 1556 12
1556 1820 26
1820 2029 72
2029 2165 58
1235 1358 0
1358 1557 12
1557 1821 84
1821 2030 21
1819 2257 13
2165 2257 62
2030 2257 39
48 169 0
1153 1234 0
1233 1354 0
49 175 0
169 483 38
1234 1355 94
1354 1554 78
175 489 21
2257 2315 42
8 50 20
50 176 51
176 490 24
490 769 93
50 177 0
177 491 36
491 770 30
770 939 64
50 178 0
178 492 97
492 771 37
771 940 80
940 1066 24
769 1155 67
939 1155 63
1066 1155 40
1155 1236 17
1236 1359 43
1359 1558 81
1558 1822 54
1359 1559 0
1559 1823 76
1823 2031 69
2031 2166 16
1359 1560 0
1560 1824 16
1822 2258 17
2166 2258 99
1824 2258 31
8 51 0
51 180 56
180 494 20
51 181 0
181 495 77
494 772 98
495 772 60
772 941 68
941 1067 63
1067 1156 21
1156 1237 24
1237 1361 27
1067 1157 0
1157 1238 23
1238 1362 36
1067 1158 0
1158 1239 44
1239 1363 24
1363 1563 100
1563 1826 86
1361 2032 100
1362 2032 28
1826 2032 47
50 179 0
1236 1360 0
1359 1561 0
51 182 0
179 493 70
1360 1562 18
1561 1825 17
182 496 55
2032 2167 69
9 52 58
52 183 87
183 497 43
52 184 0
184 498 29
52 185 0
185 499 69
499 773 44
773 942 82
942 1068 21
52 186 0
186 500 12
500 774 79
497 1159 45
498 1159 91
1068 1159 37
774 1159 32
1159 1240 46
1240 1364 21
1364 1564 83
1564 1827 20
1827 2033 99
2033 2168 18
2168 2259 26
1364 1565 0
1565 1828 33
1828 2034 34
2034 2169 92
2169 2260 66
1364 1566 0
1566 1829 61
1829 2035 73
2035 2170 53
2170 2261 40
1364 1567 0
1567 1830 28
2259 2316 70
2260 2316 15
2261 2316 93
1830 2316 78
9 53 0
53 188 64
188 502 92
502 775 100
775 943 54
53 189 0
189 503 18
503 776 95
776 944 11
53 190 0
190 504 61
504 777 18
943 1069 86
944 1069 10
777 1069 61
1069 1160 93
1160 1241 99
1241 1366 64
1366 1570 66
1570 1832 31
1832 2036 91
2036 2171 89
1241 1367 0
1367 1571 15
1571 1833 72
1833 2037 84
2171 2262 24
2037 2262 18
52 187 0
1240 1365 0
1364 1568 0
53 191 0
187 501 67
1365 1569 91
1568 1831 66
191 505 75
2262 2317 57
10 54 56
54 192 100
192 506 87
54 193 0
193 507 11
507 778 95
778 945 45
506 1070 63
945 1070 72
1070 1161 50
1161 1242 68
1242 1368 58
1368 1572 75
1572 1834 81
1834 2038 81
1242 1369 0
1369 1573 40
1242 1370 0
1370 1574 20
1242 1371 0
1371 1575 14
1575 1835 77
1835 2039 87
2039 2172 73
1242 1372 0
1372 1576 98
1576 1836 64
1836 2040 18
2038 2263 95
1573 2263 67
1574 2263 13
2172 2263 78
2040 2263 27
10 55 0
55 195 42
195 509 35
55 196 0
196 510 15
510 779 28
779 946 47
55 197 0
197 511 22
511 780 80
780 947 36
947 1071 93
509 1162 89
946 1162 20
1071 1162 63
1162 1244 22
1244 1375 63
1375 1578 11
1578 1837 13
1375 1579 0
1579 1838 89
1838 2041 17
2041 2173 41
2173 2264 96
1837 2318 82
2264 2318 95
54 194 0
1161 1243 0
1242 1373 0
55 198 0
194 508 76
1243 1374 96
1373 1577 68
198 512 65
2318 2347 13
11 56 47
56 199 37
199 513 15
513 781 63
781 948 19
56 200 0
200 514 43
514 782 85
56 201 0
201 515 79
56 202 0
202 516 53
516 783 22
783 949 55
948 1072 50
782 1072 61
515 1072 57
949 1072 55
1072 1163 24
1163 1245 87
1245 1376 70
1376 1580 20
1580 1839 64
1839 2042 57
1245 1377 0
1377 1581 19
1581 1840 84
2042 2174 16
1840 2174 77
11 57 0
57 204 63
204 518 46
518 784 39
57 205 0
205 519 70
519 785 21
57 206 0
206 520 23
784 950 19
785 950 56
520 950 36
950 1073 54
1073 1164 77
1164 1247 33
1247 1380 69
1380 1583 15
1583 1841 76
1164 1248 0
1248 1381 12
1381 1584 28
1841 2043 10
1584 2043 83
56 203 0
1163 1246 0
1245 1378 0
57 207 0
203 517 10
1246 1379 37
1378 1582 68
207 521 28
2043 2175 81
12 58 73
58 208 84
208 522 23
522 786 19
786 951 43
951 1074 67
58 209 0
209 523 40
58 210 0
210 524 85
524 787 76
787 952 30
952 1075 60
58 211 0
211 525 86
525 788 55
788 953 66
953 1076 24
58 212 0
212 526 23
526 789 66
789 954 50
1074 1165 14
523 1165 87
1075 1165 77
1076 1165 64
954 1165 70
1165 1249 85
1249 1382 14
1382 1585 49
1585 1842 42
1382 1586 0
1586 1843 33
1843 2044 39
1382 1587 0
1587 1844 90
1844 2045 26
2045 2176 68
1842 2265 100
2044 2265 91
2176 2265 15
12 59 0
59 214 36
214 528 46
59 215 0
215 529 83
529 790 47
790 955 54
59 216 0
216 530 95
530 791 78
791 956 60
59 217 0
217 531 27
59 218 0
218 532 87
532 792 47
792 957 39
528 1077 46
955 1077 84
956 1077 24
531 1077 14
957 1077 78
1077 1166 71
1166 1250 29
1250 1384 68
1384 1590 27
1590 1846 65
1846 2046 35
1250 1385 0
1385 1591 13
1591 1847 11
1847 2047 45
2047 2177 59
1250 1386 0
1386 1592 47
1592 1848 46
1848 2048 94
2046 2266 93
2177 2266 26
2048 2266 98
58 213 0
1249 1383 0
1382 1588 0
59 219 0
213 527 42
1383 1589 42
1588 1845 33
219 533 56
2266 2319 32
13 60 37
60 220 66
220 534 29
534 793 22
793 958 20
958 1078 35
60 221 0
221 535 99
535 794 82
794 959 59
959 1079 83
60 222 0
222 536 55
1078 1167 95
1079 1167 58
536 1167 90
1167 1251 74
1251 1387 29
1387 1593 60
1593 1849 76
1387 1594 0
1594 1850 97
1850 2049 39
1387 1595 0
1595 1851 44
1849 2178 32
2049 2178 38
1851 2178 88
13 61 0
61 224 73
224 538 32
538 795 42
61 225 0
225 539 29
539 796 88
61 226 0
226 540 99
61 227 0
227 541 32
541 797 33
797 960 25
61 228 0
228 542 70
542 798 32
798 961 12
795 1080 18
796 1080 72
540 1080 96
960 1080 57
961 1080 20
1080 1168 62
1168 1252 88
1252 1389 37
1389 1598 79
1598 1853 18
1853 2050 14
1252 1390 0
1390 1599 58
1599 1854 81
1854 2051 41
2051 2179 22
1252 1391 0
1391 1600 23
1600 1855 17
1252 1392 0
1392 1601 12
1601 1856 35
2050 2267 31
2179 2267 80
1855 2267 90
1856 2267 82
60 223 0
1251 1388 0
1387 1596 0
61 229 0
223 537 20
1388 1597 71
1596 1852 70
229 543 34
2267 2320 29
14 62 26
62 230 80
230 544 74
544 799 73
62 231 0
231 545 44
545 800 35
800 962 40
62 232 0
232 546 44
546 801 27
801 963 26
62 233 0
233 547 36
547 802 63
802 964 24
964 1081 65
799 1169 29
962 1169 88
963 1169 71
1081 1169 78
1169 1253 33
1253 1393 76
1393 1602 42
1602 1857 85
1857 2052 15
2052 2180 34
2180 2268 17
1393 1603 0
1603 1858 100
1393 1604 0
1604 1859 16
1859 2053 61
2053 2181 38
1393 1605 0
1605 1860 42
1860 2054 12
2054 2182 79
2182 2269 92
2268 2321 14
1858 2321 27
2181 2321 92
2269 2321 13
14 63 0
63 235 30
235 549 30
549 803 60
803 965 12
63 236 0
236 550 92
63 237 0
237 551 26
551 804 100
804 966 29
965 1082 79
550 1082 73
966 1082 94
1082 1170 77
1170 1254 76
1254 1395 74
1395 1608 25
1254 1396 0
1396 1609 28
1254 1397 0
1397 1610 52
1254 1398 0
1398 1611 29
1611 1862 14
1862 2055 88
2055 2183 86
1254 1399 0
1399 1612 40
1612 1863 91
1608 2270 86
1609 2270 18
1610 2270 61
2183 2270 49
1863 2270 35
62 234 0
1253 1394 0
1393 1606 0
63 238 0
234 548 29
1394 1607 11
1606 1861 36
238 552 97
2270 2322 37
15 64 47
64 239 84
239 553 16
553 805 89
805 967 42
967 1083 52
64 240 0
240 554 44
554 806 38
806 968 50
968 1084 32
1083 1171 95
1084 1171 70
1171 1255 19
1255 1400 85
1400 1613 34
1613 1864 18
1400 1614 0
1614 1865 25
1865 2056 44
2056 2184 77
2184 2271 37
1400 1615 0
1615 1866 39
1864 2323 97
2271 2323 32
1866 2323 67
15 65 0
65 242 15
242 556 67
556 807 68
65 243 0
243 557 42
557 808 54
808 969 14
807 1085 19
969 1085 34
1085 1172 18
1172 1256 49
1256 1402 95
1402 1618 95
1618 1868 38
1868 2057 76
1256 1403 0
1403 1619 46
1619 1869 28
1869 2058 58
2058 2185 37
1256 1404 0
1404 1620 83
1620 1870 41
1256 1405 0
1405 1621 95
1621 1871 20
1256 1406 0
1406 1622 26
1622 1872 71
1872 2059 50
2057 2272 37
2185 2272 76
1870 2272 64
1871 2272 64
2059 2272 29
64 241 0
1255 1401 0
1400 1616 0
65 244 0
241 555 57
1401 1617 30
1616 1867 15
244 558 78
2272 2324 63
16 66 98
66 245 78
245 559 70
559 809 20
809 970 52
970 1086 82
66 246 0
246 560 19
560 810 65
66 247 0
247 561 27
66 248 0
248 562 36
562 811 69
811 971 83
971 1087 48
1086 1173 74
810 1173 59
561 1173 41
1087 1173 77
1173 1257 38
1257 1407 76
1407 1623 95
1623 1873 32
1873 2060 33
2060 2186 69
1407 1624 0
1624 1874 82
1874 2061 78
2061 2187 12
2186 2273 90
2187 2273 49
16 67 0
67 250 83
250 564 40
564 812 16
67 251 0
251 565 80
565 813 82
67 252 0
252 566 24
566 814 57
814 972 39
972 1088 73
67 253 0
253 567 71
567 815 32
815 973 12
812 1174 68
813 1174 80
1088 1174 33
973 1174 45
1174 1258 66
1258 1409 30
1409 1627 94
1627 1876 64
1876 2062 19
2062 2188 26
2188 2274 33
1409 1628 0
1628 1877 57
1877 2063 97
1409 1629 0
1629 1878 11
1878 2064 96
2274 2325 99
2063 2325 80
2064 2325 26
66 249 0
1257 1408 0
1407 1625 0
67 254 0
249 563 71
1408 1626 49
1625 1875 52
254 568 79
2325 2348 30
17 68 57
68 255 29
255 569 11
68 256 0
256 570 34
570 816 40
816 974 31
68 257 0
257 571 17
571 817 70
817 975 49
975 1089 94
569 1175 95
974 1175 53
1089 1175 88
1175 1259 38
1259 1410 28
1410 1630 48
1630 1879 62
1410 1631 0
1631 1880 11
1880 2065 79
1879 2189 42
2065 2189 58
17 69 0
69 259 69
259 573 98
573 818 32
818 976 87
976 1090 49
69 260 0
260 574 27
574 819 28
69 261 0
261 575 18
575 820 62
820 977 51
69 262 0
262 576 29
69 263 0
263 577 34
577 821 47
821 978 72
978 1091 16
1090 1176 13
819 1176 18
977 1176 61
576 1176 43
1091 1176 41
1176 1260 44
1260 1412 79
1412 1634 69
1634 1882 80
1882 2066 76
1412 1635 0
1635 1883 61
1883 2067 87
2067 2190 15
2190 2275 27
1412 1636 0
1636 1884 44
1884 2068 24
2068 2191 50
2191 2276 52
1412 1637 0
1637 1885 48
1885 2069 57
1412 1638 0
1638 1886 22
1886 2070 63
2070 2192 13
2192 2277 82
2066 2326 16
2275 2326 49
2276 2326 49
2069 2326 13
2277 2326 16
68 258 0
1259 1411 0
1410 1632 0
69 264 0
258 572 22
1411 1633 30
1632 1881 70
264 578 57
2326 2349 52
18 70 38
70 265 72
265 579 17
579 822 33
822 979 46
979 1092 80
70 266 0
266 580 79
70 267 0
267 581 54
581 823 99
70 268 0
268 582 100
582 824 39
1092 1177 50
580 1177 33
823 1177 43
824 1177 27
1177 1261 94
1261 1413 71
1413 1639 50
1639 1887 66
1887 2071 14
2071 2193 35
1413 1640 0
1640 1888 19
1413 1641 0
1641 1889 25
1889 2072 56
2072 2194 54
2194 2278 58
1413 1642 0
1642 1890 29
1890 2073 12
2073 2195 11
2195 2279 97
1413 1643 0
1643 1891 37
1891 2074 35
2074 2196 94
2193 2327 21
1888 2327 98
2278 2327 86
2279 2327 55
2196 2327 64
18 71 0
71 270 50
270 584 52
584 825 50
71 271 0
271 585 95
585 826 33
826 980 82
980 1093 30
71 272 0
272 586 54
586 827 40
827 981 96
981 1094 44
71 273 0
273 587 74
587 828 14
828 982 11
982 1095 21
71 274 0
274 588 64
588 829 70
829 983 96
825 1178 36
1093 1178 84
1094 1178 45
1095 1178 91
983 1178 16
1178 1262 42
1262 1415 55
1415 1646 99
1646 1893 18
1415 1647 0
1647 1894 36
1894 2075 67
2075 2197 12
1893 2280 74
2197 2280 31
70 269 0
1261 1414 0
1413 1644 0
71 275 0
269 583 18
1414 1645 80
1644 1892 89
275 589 19
2280 2328 41
19 72 24
72 276 56
276 590 59
590 830 43
830 984 46
984 1096 95
72 277 0
277 591 14
591 831 37
72 278 0
278 592 23
592 832 99
832 985 55
72 279 0
279 593 95
593 833 11
833 986 55
986 1097 94
1096 1179 13
831 1179 99
985 1179 22
1097 1179 17
1179 1263 33
1263 1416 17
1416 1648 61
1648 1895 20
1895 2076 10
2076 2198 34
2198 2281 48
1416 1649 0
1649 1896 57
1416 1650 0
1650 1897 22
1416 1651 0
1651 1898 78
1416 1652 0
1652 1899 20
2281 2329 95
1896 2329 21
1897 2329 41
1898 2329 40
1899 2329 23
19 73 0
73 281 70
281 595 69
73 282 0
282 596 12
596 834 15
834 987 30
987 1098 12
595 1180 50
1098 1180 42
1180 1264 47
1264 1418 36
1418 1655 38
1655 1901 86
1418 1656 0
1656 1902 37
1902 2077 82
1901 2199 46
2077 2199 23
72 280 0
1263 1417 0
1416 1653 0
73 283 0
280 594 87
1417 1654 41
1653 1900 61
283 597 82
2199 2282 34
20 74 43
74 284 95
284 598 99
598 835 60
74 285 0
285 599 97
599 836 39
836 988 48
74 286 0
286 600 36
600 837 92
837 989 49
989 1099 83
74 287 0
287 601 87
601 838 38
838 990 62
74 288 0
288 602 62
602 839 91
839 991 100
835 1181 33
988 1181 79
1099 1181 19
990 1181 18
991 1181 97
1181 1265 28
1265 1419 30
1419 1657 74
1657 1903 55
1419 1658 0
1658 1904 72
1904 2078 85
2078 2200 21
2200 2283 41
1419 1659 0
1659 1905 92
1419 1660 0
1660 1906 60
1906 2079 50
2079 2201 83
1903 2330 66
2283 2330 95
1905 2330 48
2201 2330 18
20 75 0
75 290 39
290 604 43
604 840 40
840 992 81
75 291 0
291 605 28
605 841 96
75 292 0
292 606 34
75 293 0
293 607 88
607 842 83
842 993 65
993 1100 63
75 294 0
294 608 22
608 843 76
843 994 53
994 1101 12
992 1182 95
841 1182 68
606 1182 85
1100 1182 44
1101 1182 32
1182 1266 95
1266 1421 50
1421 1663 38
1663 1908 81
1908 2080 92
1421 1664 0
1664 1909 58
1909 2081 42
2081 2202 92
2202 2284 58
1421 1665 0
1665 1910 57
1910 2082 68
2080 2331 59
2284 2331 37
2082 2331 70
74 289 0
1265 1420 0
1419 1661 0
75 295 0
289 603 58
1420 1662 51
1661 1907 37
295 609 11
2331 2350 43
21 76 62
76 296 20
296 610 79
76 297 0
297 611 36
611 844 39
844 995 16
76 298 0
298 612 13
612 845 53
845 996 48
996 1102 94
610 1183 95
995 1183 15
1102 1183 65
1183 1267 88
1267 1422 47
1422 1666 25
1666 1911 66
1422 1667 0
1667 1912 97
1912 2083 92
2083 2203 68
2203 2285 97
1422 1668 0
1668 1913 76
1913 2084 93
1422 1669 0
1669 1914 27
1914 2085 49
2085 2204 14
2204 2286 23
1911 2332 68
2285 2332 56
2084 2332 77
2286 2332 59
21 77 0
77 300 60
300 614 65
614 846 71
846 997 87
997 1103 97
77 301 0
301 615 75
77 302 0
302 616 48
616 847 45
847 998 95
77 303 0
303 617 46
617 848 42
848 999 41
1103 1184 96
615 1184 98
998 1184 81
999 1184 13
1184 1268 44
1268 1424 78
1424 1672 16
1672 1916 51
1916 2086 43
2086 2205 71
2205 2287 82
1424 1673 0
1673 1917 56
1917 2087 43
2087 2206 64
2287 2333 18
2206 2333 90
76 299 0
1267 1423 0
1422 1670 0
77 304 0
299 613 93
1423 1671 89
1670 1915 27
304 618 98
2333 2351 39
22 78 77
78 305 26
305 619 25
619 849 20
78 306 0
306 620 30
620 850 77
850 1000 43
1000 1104 69
78 307 0
307 621 73
621 851 100
851 1001 67
78 308 0
308 622 80
622 852 33
852 1002 13
1002 1105 58
78 309 0
309 623 88
623 853 15
849 1185 14
1104 1185 64
1001 1185 57
1105 1185 45
853 1185 12
1185 1269 39
1269 1425 68
1425 1674 27
1674 1918 75
1425 1675 0
1675 1919 27
1919 2088 30
1425 1676 0
1676 1920 28
1920 2089 90
2089 2207 93
1425 1677 0
1677 1921 39
1921 2090 90
2090 2208 66
1425 1678 0
1678 1922 43
1918 2288 35
2088 2288 71
2207 2288 77
2208 2288 43
1922 2288 17
22 79 0
79 311 42
311 625 37
625 854 31
79 312 0
312 626 84
626 855 92
855 1003 82
79 313 0
313 627 25
627 856 25
856 1004 43
79 314 0
314 628 75
79 315 0
315 629 80
629 857 29
857 1005 82
854 1106 23
1003 1106 27
1004 1106 20
628 1106 64
1005 1106 78
1106 1186 67
1186 1270 43
1270 1427 90
1427 1681 55
1681 1924 98
1270 1428 0
1428 1682 91
1682 1925 61
1270 1429 0
1429 1683 49
1924 2091 92
1925 2091 53
1683 2091 51
78 310 0
1269 1426 0
1425 1679 0
79 316 0
310 624 28
1426 1680 76
1679 1923 65
316 630 52
2091 2209 12
23 80 86
80 317 22
317 631 90
631 858 53
80 318 0
318 632 49
632 859 39
80 319 0
319 633 30
633 860 100
80 320 0
320 634 75
634 861 39
861 1006 67
858 1107 61
859 1107 43
860 1107 57
1006 1107 42
1107 1187 63
1187 1271 17
1271 1430 20
1430 1684 53
1684 1926 67
1271 1431 0
1431 1685 83
1685 1927 22
1927 2092 23
1271 1432 0
1432 1686 43
1686 1928 23
1928 2093 93
1271 1433 0
1433 1687 87
1687 1929 31
1271 1434 0
1434 1688 38
1926 2210 31
2092 2210 42
2093 2210 95
1929 2210 90
1688 2210 58
23 81 0
81 322 87
322 636 55
636 862 60
862 1007 72
1007 1108 32
81 323 0
323 637 30
81 324 0
324 638 31
638 863 87
863 1008 49
1008 1109 40
1108 1188 86
637 1188 85
1109 1188 21
1188 1273 50
1273 1437 15
1437 1690 21
1690 1930 20
1930 2094 49
2094 2211 27
2211 2289 13
1437 1691 0
1691 1931 82
1931 2095 63
2095 2212 86
1437 1692 0
1692 1932 75
1932 2096 38
2289 2334 53
2212 2334 54
2096 2334 11
80 321 0
1187 1272 0
1271 1435 0
81 325 0
321 635 99
1272 1436 88
1435 1689 43
325 639 39
2334 2352 93
24 82 20
82 326 96
326 640 84
82 327 0
327 641 81
641 864 58
864 1009 67
82 328 0
328 642 52
642 865 68
82 329 0
329 643 98
643 866 76
866 1010 91
640 1110 39
1009 1110 13
865 1110 91
1010 1110 77
1110 1189 85
1189 1274 10
1274 1438 24
1438 1693 56
1274 1439 0
1439 1694 39
1694 1933 64
1693 2097 46
1933 2097 74
24 83 0
83 331 33
331 645 85
645 867 18
867 1011 55
1011 1111 51
83 332 0
332 646 46
83 333 0
333 647 85
647 868 38
868 1012 14
83 334 0
334 648 15
648 869 12
83 335 0
335 649 69
649 870 26
870 1013 59
1013 1112 33
1111 1190 19
646 1190 23
1012 1190 30
869 1190 15
1112 1190 62
1190 1276 70
1276 1442 90
1442 1696 81
1696 1934 13
1934 2098 75
2098 2213 29
2213 2290 69
1442 1697 0
1697 1935 20
1442 1698 0
1698 1936 16
1936 2099 89
2099 2214 80
1442 1699 0
1699 1937 25
1442 1700 0
1700 1938 17
1938 2100 27
2100 2215 85
2290 2335 39
1935 2335 75
2214 2335 34
1937 2335 70
2215 2335 21
82 330 0
1189 1275 0
1274 1440 0
83 336 0
330 644 54
1275 1441 10
1440 1695 62
336 650 42
2335 2353 81
25 84 79
84 337 13
337 651 36
84 338 0
338 652 37
652 871 45
84 339 0
339 653 50
653 872 50
872 1014 38
651 1113 22
871 1113 13
1014 1113 74
1113 1191 72
1191 1277 35
1277 1443 97
1443 1701 80
1701 1939 93
1939 2101 43
2101 2216 67
1277 1444 0
1444 1702 18
1702 1940 65
1277 1445 0
1445 1703 60
1703 1941 25
1277 1446 0
1446 1704 37
1704 1942 43
1942 2102 19
2102 2217 85
1277 1447 0
1447 1705 58
1705 1943 54
2216 2291 21
1940 2291 43
1941 2291 44
2217 2291 64
1943 2291 94
25 85 0
85 341 46
341 655 16
85 342 0
342 656 66
656 873 15
873 1015 68
1015 1114 89
85 343 0
343 657 81
657 874 65
874 1016 46
655 1192 100
1114 1192 52
1016 1192 36
1192 1279 49
1279 1450 22
1450 1707 54
1707 1944 82
1944 2103 48
2103 2218 54
2218 2292 87
1450 1708 0
1708 1945 10
1945 2104 71
2104 2219 28
1450 1709 0
1709 1946 28
1450 1710 0
1710 1947 37
1947 2105 95
1450 1711 0
1711 1948 37
1948 2106 88
2106 2220 87
2292 2336 78
2219 2336 97
1946 2336 86
2105 2336 11
2220 2336 26
84 340 0
1191 1278 0
1277 1448 0
85 344 0
340 654 67
1278 1449 30
1448 1706 13
344 658 76
2336 2354 94
26 86 56
86 345 73
345 659 74
659 875 45
86 346 0
346 660 65
86 347 0
347 661 81
661 876 59
876 1017 40
1017 1115 29
86 348 0
348 662 37
86 349 0
349 663 97
663 877 61
877 1018 72
875 1193 55
660 1193 89
1115 1193 18
662 1193 26
1018 1193 68
1193 1280 94
1280 1451 51
1451 1712 67
1712 1949 52
1949 2107 93
2107 2221 74
1451 1713 0
1713 1950 22
1950 2108 97
2108 2222 86
1451 1714 0
1714 1951 72
1951 2109 37
2109 2223 81
1451 1715 0
1715 1952 33
2221 2293 75
2222 2293 44
2223 2293 83
1952 2293 96
26 87 0
87 351 81
351 665 71
665 878 48
878 1019 12
1019 1116 89
87 352 0
352 666 82
1116 1194 19
666 1194 82
1194 1281 42
1281 1453 83
1453 1718 47
1718 1954 100
1954 2110 84
2110 2224 35
1453 1719 0
1719 1955 98
1955 2111 45
1453 1720 0
1720 1956 65
1956 2112 19
2112 2225 57
2225 2294 100
1453 1721 0
1721 1957 14
1957 2113 21
2113 2226 85
2226 2295 99
2224 2337 83
2111 2337 90
2294 2337 26
2295 2337 12
86 350 0
1280 1452 0
1451 1716 0
87 353 0
350 664 26
1452 1717 63
1716 1953 78
353 667 24
2337 2355 16
27 88 20
88 354 38
354 668 24
668 879 90
88 355 0
355 669 85
669 880 64
880 1020 45
88 356 0
356 670 46
88 357 0
357 671 68
671 881 39
881 1021 79
879 1117 65
1020 1117 70
670 1117 15
1021 1117 95
1117 1195 31
1195 1282 23
1282 1454 94
1454 1722 49
1722 1958 75
1958 2114 67
1282 1455 0
1455 1723 38
1723 1959 71
1959 2115 17
2114 2227 78
2115 2227 25
27 89 0
89 359 26
359 673 46
673 882 68
882 1022 46
1022 1118 85
89 360 0
360 674 42
674 883 70
89 361 0
361 675 23
675 884 56
884 1023 11
1023 1119 38
89 362 0
362 676 25
676 885 46
885 1024 23
1024 1120 56
1118 1196 20
883 1196 68
1119 1196 26
1120 1196 60
1196 1284 99
1284 1458 52
1458 1725 46
1725 1960 63
1458 1726 0
1726 1961 48
1961 2116 39
2116 2228 83
2228 2296 32
1960 2338 46
2296 2338 12
88 358 0
1195 1283 0
1282 1456 0
89 363 0
358 672 75
1283 1457 88
1456 1724 18
363 677 75
2338 2356 59
28 90 96
90 364 12
364 678 68
90 365 0
365 679 64
679 886 73
90 366 0
366 680 51
680 887 34
678 1025 62
886 1025 72
887 1025 90
1025 1121 52
1121 1197 31
1197 1285 60
1285 1459 30
1459 1727 71
1727 1962 67
1197 1286 0
1286 1460 37
1460 1728 52
1728 1963 64
1197 1287 0
1287 1461 37
1197 1288 0
1288 1462 61
1462 1729 19
1962 2117 60
1963 2117 11
1461 2117 90
1729 2117 17
28 91 0
91 368 56
368 682 28
682 888 59
888 1026 11
91 369 0
369 683 39
683 889 79
1026 1122 11
889 1122 87
1122 1199 87
1199 1291 59
1291 1464 98
1464 1730 92
1291 1465 0
1465 1731 90
1291 1466 0
1466 1732 21
1732 1964 85
1291 1467 0
1467 1733 39
1733 1965 61
1965 2118 59
2118 2229 35
1730 2297 51
1731 2297 64
1964 2297 92
2229 2297 30
90 367 0
1121 1198 0
1197 1289 0
91 370 0
367 681 48
1198 1290 65
1289 1463 26
370 684 64
2297 2339 91
29 92 90
92 371 73
371 685 44
685 890 23
890 1027 100
92 372 0
372 686 96
1027 1123 52
686 1123 54
1123 1200 13
1200 1292 32
1292 1468 71
1468 1734 62
1734 1966 71
1966 2119 27
2119 2230 92
1292 1469 0
1469 1735 22
1735 1967 26
1292 1470 0
1470 1736 31
1736 1968 14
1968 2120 51
2120 2231 31
1292 1471 0
1471 1737 99
1737 1969 61
1969 2121 41
2230 2298 77
1967 2298 55
2231 2298 49
2121 2298 41
29 93 0
93 374 88
374 688 30
688 891 87
93 375 0
375 689 20
93 376 0
376 690 95
690 892 58
892 1028 33
1028 1124 68
93 377 0
377 691 94
691 893 14
893 1029 35
1029 1125 78
891 1201 86
689 1201 45
1124 1201 16
1125 1201 35
1201 1294 99
1294 1474 56
1474 1739 90
1739 1970 60
1970 2122 79
2122 2232 46
2232 2299 80
1474 1740 0
1740 1971 53
1971 2123 95
2123 2233 21
2233 2300 26
1474 1741 0
1741 1972 48
1972 2124 81
2124 2234 74
1474 1742 0
1742 1973 32
1973 2125 100
2299 2340 53
2300 2340 60
2234 2340 67
2125 2340 54
92 373 0
1200 1293 0
1292 1472 0
93 378 0
373 687 97
1293 1473 77
1472 1738 88
378 692 85
2340 2357 50
30 94 99
94 379 74
379 693 95
693 894 81
94 380 0
380 694 72
894 1030 20
694 1030 65
1030 1126 40
1126 1202 67
1202 1295 70
1295 1475 93
1475 1743 81
1202 1296 0
1296 1476 57
1743 1974 49
1476 1974 31
30 95 0
95 382 48
382 696 30
696 895 26
895 1031 13
1031 1127 57
95 383 0
383 697 46
697 896 34
896 1032 40
1032 1128 38
95 384 0
384 698 23
95 385 0
385 699 50
699 897 43
897 1033 63
95 386 0
386 700 14
700 898 95
898 1034 21
1034 1129 66
1127 1204 10
1128 1204 96
698 1204 76
1033 1204 29
1129 1204 39
1204 1299 23
1299 1478 42
1478 1744 79
1744 1975 65
1975 2126 46
2126 2235 56
1478 1745 0
1745 1976 36
1976 2127 78
2235 2301 55
2127 2301 24
94 381 0
1126 1203 0
1202 1297 0
95 387 0
381 695 57
1203 1298 62
1297 1477 15
387 701 81
2301 2341 67
31 96 35
96 388 56
388 702 90
702 899 62
96 389 0
389 703 25
703 900 21
900 1035 29
1035 1130 35
96 390 0
390 704 19
704 901 65
901 1036 90
96 391 0
391 705 73
705 902 82
902 1037 32
899 1205 70
1130 1205 46
1036 1205 85
1037 1205 15
1205 1300 81
1300 1479 17
1479 1746 53
1746 1977 56
1977 2128 18
2128 2236 58
1479 1747 0
1747 1978 73
1978 2129 45
1479 1748 0
1748 1979 59
1979 2130 91
2130 2237 53
2237 2302 91
1479 1749 0
1749 1980 68
1980 2131 19
2131 2238 73
1479 1750 0
1750 1981 86
2236 2342 36
2129 2342 69
2302 2342 92
2238 2342 57
1981 2342 32
31 97 0
97 393 96
393 707 64
707 903 29
903 1038 59
97 394 0
394 708 19
708 904 74
904 1039 80
1038 1131 70
1039 1131 85
1131 1206 97
1206 1301 63
1301 1481 65
1481 1753 74
1301 1482 0
1482 1754 75
1754 1983 38
1983 2132 26
1301 1483 0
1483 1755 100
1755 1984 93
1301 1484 0
1484 1756 66
1756 1985 92
1301 1485 0
1485 1757 41
1757 1986 68
1753 2239 88
2132 2239 81
1984 2239 35
1985 2239 18
1986 2239 51
96 392 0
1300 1480 0
1479 1751 0
97 395 0
392 706 34
1480 1752 65
1751 1982 63
395 709 89
2239 2303 11
32 98 78
98 396 22
396 710 38
710 905 73
905 1040 44
98 397 0
397 711 23
98 398 0
398 712 19
712 906 76
98 399 0
399 713 73
98 400 0
400 714 10
714 907 61
907 1041 95
1041 1132 18
1040 1207 11
711 1207 31
906 1207 82
713 1207 54
1132 1207 20
1207 1302 91
1302 1486 65
1486 1758 61
1758 1987 99
1987 2133 94
1486 1759 0
1759 1988 27
1988 2134 76
2134 2240 94
2240 2304 52
1486 1760 0
1760 1989 55
1486 1761 0
1761 1990 45
1990 2135 72
2135 2241 90
2241 2305 80
2133 2343 74
2304 2343 93
1989 2343 76
2305 2343 30
32 99 0
99 402 63
402 716 58
99 403 0
403 717 27
717 908 18
908 1042 15
1042 1133 97
99 404 0
404 718 27
99 405 0
405 719 92
719 909 63
909 1043 56
1043 1134 86
716 1208 87
1133 1208 54
718 1208 74
1134 1208 94
1208 1303 95
1303 1488 27
1488 1764 19
1764 1992 87
1488 1765 0
1765 1993 61
1993 2136 90
1488 1766 0
1766 1994 41
1994 2137 43
2137 2242 79
2242 2306 42
1488 1767 0
1767 1995 26
1995 2138 22
2138 2243 60
2243 2307 94
1488 1768 0
1768 1996 80
1996 2139 97
1992 2344 52
2136 2344 24
2306 2344 90
2307 2344 59
2139 2344 16
98 401 0
1302 1487 0
1486 1762 0
99 406 0
401 715 93
1487 1763 61
1762 1991 58
406 720 17
2344 2358 97
33 100 60
100 407 95
407 721 13
721 910 80
910 1044 61
100 408 0
408 722 90
100 409 0
409 723 92
723 911 62
911 1045 75
1044 1135 83
722 1135 24
1045 1135 33
1135 1209 99
1209 1304 13
1304 1489 15
1489 1769 19
1304 1490 0
1490 1770 51
1769 1997 92
1770 1997 50
33 101 0
101 411 63
411 725 40
725 912 85
912 1046 29
1046 1136 11
101 412 0
412 726 25
726 913 99
913 1047 42
1047 1137 24
101 413 0
413 727 74
727 914 46
101 414 0
414 728 24
1136 1210 45
1137 1210 31
914 1210 89
728 1210 66
1210 1306 74
1306 1493 50
1493 1772 50
1772 1998 42
1493 1773 0
1773 1999 77
1998 2140 76
1999 2140 52
100 410 0
1209 1305 0
1304 1491 0
101 415 0
410 724 13
1305 1492 10
1491 1771 53
415 729 23
2140 2244 60
2309 2359 91
2247 2359 75
2345 2359 24
2311 2359 94
2346 2359 21
2314 2359 79
2256 2359 45
2315 2359 27
2167 2359 80
2317 2359 90
2347 2359 89
2175 2359 35
2319 2359 25
2320 2359 94
2322 2359 12
2324 2359 20
2348 2359 74
2349 2359 71
2328 2359 67
2282 2359 63
2350 2359 37
2351 2359 52
2209 2359 49
2352 2359 66
2353 2359 10
2354 2359 52
2355 2359 36
2356 2359 50
2339 2359 30
2357 2359 50
2341 2359 67
2303 2359 20
2358 2359 74
2244 2359 33
