2360 2704
0 34 19
34 102 81
102 416 17
416 730 59
730 915 31
915 1048 20
34 103 0
103 417 60
34 104 0
104 418 57
418 731 39
731 916 42
916 1049 67
34 105 0
105 419 36
419 732 41
732 917 16
34 106 0
106 420 16
1048 1138 29
417 1138 84
1049 1138 92
917 1138 96
420 1138 20
1138 1211 20
1211 1307 43
1307 1494 83
1494 1774 87
1774 2000 33
2000 2141 63
1307 1495 0
1495 1775 44
1775 2001 84
2001 2142 96
2142 2245 13
1307 1496 0
1496 1776 22
1776 2002 15
2002 2143 40
2141 2308 78
2245 2308 40
2143 2308 76
0 35 0
35 108 27
108 422 75
35 109 0
109 423 45
423 733 38
733 918 55
422 1050 13
918 1050 10
1050 1139 22
1139 1212 35
1212 1309 41
1309 1499 67
1499 1778 52
1212 1310 0
1310 1500 22
1212 1311 0
1311 1501 85
1212 1312 0
1312 1502 87
1502 1779 25
1779 2003 100
2003 2144 85
1212 1313 0
1313 1503 62
1503 1780 30
1780 2004 100
1778 2246 94
1500 2246 61
1501 2246 17
2144 2246 29
2004 2246 77
34 107 0
1211 1308 0
1307 1497 0
35 110 0
107 421 98
1308 1498 49
1497 1777 91
110 424 70
2246 2309 38
1 36 60
36 111 51
111 425 60
425 734 65
36 112 0
112 426 93
36 113 0
113 427 35
427 735 72
36 114 0
114 428 80
734 919 25
426 919 98
735 919 63
428 919 27
919 1051 61
1051 1140 15
1140 1213 20
1213 1314 67
1314 1504 57
1504 1781 38
1781 2005 91
1140 1214 0
1214 1315 51
1315 1505 21
1505 1782 88
2005 2145 61
1782 2145 75
1 37 0
37 116 73
116 430 20
430 736 60
37 117 0
117 431 79
431 737 97
737 920 68
920 1052 60
37 118 0
118 432 57
37 119 0
119 433 83
736 1142 47
1052 1142 68
432 1142 15
433 1142 54
1142 1217 12
1217 1317 45
1317 1506 38
1506 1783 66
1783 2006 41
1317 1507 0
1507 1784 28
1317 1508 0
1508 1785 86
1785 2007 98
2006 2146 80
1784 2146 66
2007 2146 80
36 115 0
1051 1141 0
1140 1215 0
37 120 0
115 429 32
1141 1216 24
1215 1316 21
120 434 75
2146 2247 33
2 38 78
38 121 60
121 435 36
435 738 47
738 921 80
38 122 0
122 436 77
38 123 0
123 437 70
437 739 33
921 1053 100
436 1053 36
739 1053 61
1053 1143 71
1143 1218 78
1218 1318 69
1318 1509 85
1509 1786 70
1786 2008 73
2008 2147 41
1218 1319 0
1319 1510 76
1218 1320 0
1320 1511 39
1511 1787 75
1787 2009 54
1218 1321 0
1321 1512 22
1512 1788 61
1788 2010 82
2010 2148 23
2147 2248 81
1510 2248 38
2009 2248 37
2148 2248 17
2 39 0
39 125 88
125 439 30
39 126 0
126 440 98
440 740 71
740 922 47
922 1054 90
39 127 0
127 441 53
441 741 20
439 1144 51
1054 1144 41
741 1144 48
1144 1220 57
1220 1324 42
1324 1514 48
1514 1789 53
1789 2011 41
2011 2149 74
2149 2249 59
1324 1515 0
1515 1790 15
1790 2012 21
2012 2150 39
2150 2250 61
1324 1516 0
1516 1791 24
1791 2013 33
2013 2151 12
1324 1517 0
1517 1792 52
1324 1518 0
1518 1793 35
1793 2014 43
2014 2152 32
2249 2310 12
2250 2310 42
2151 2310 11
1792 2310 37
2152 2310 35
38 124 0
1143 1219 0
1218 1322 0
39 128 0
124 438 86
1219 1323 78
1322 1513 47
128 442 89
2310 2345 71
3 40 94
40 129 63
129 443 14
443 742 37
742 923 80
40 130 0
130 444 36
444 743 72
743 924 34
923 1055 77
924 1055 45
1055 1145 55
1145 1221 74
1221 1325 18
1325 1519 90
1221 1326 0
1326 1520 71
1520 1794 53
1794 2015 17
1221 1327 0
1327 1521 86
1521 1795 40
1221 1328 0
1328 1522 86
1221 1329 0
1329 1523 30
1519 2153 39
2015 2153 72
1795 2153 18
1522 2153 100
1523 2153 99
3 41 0
41 132 57
132 446 48
41 133 0
133 447 27
447 744 32
744 925 67
41 134 0
134 448 40
448 745 78
745 926 89
41 135 0
135 449 90
449 746 41
446 1056 56
925 1056 49
926 1056 19
746 1056 13
1056 1146 53
1146 1223 78
1223 1332 44
1332 1525 64
1525 1796 62
1223 1333 0
1333 1526 90
1526 1797 39
1797 2016 63
2016 2154 33
1796 2251 72
2154 2251 58
40 131 0
1145 1222 0
1221 1330 0
41 136 0
131 445 94
1222 1331 63
1330 1524 91
136 450 90
2251 2311 80
4 42 14
42 137 55
137 451 57
42 138 0
138 452 37
452 747 81
747 927 92
927 1057 61
42 139 0
139 453 85
453 748 95
451 1147 32
1057 1147 69
748 1147 81
1147 1224 23
1224 1334 67
1334 1527 76
1527 1798 35
1334 1528 0
1528 1799 62
1799 2017 17
2017 2155 60
2155 2252 33
1334 1529 0
1529 1800 76
1800 2018 21
2018 2156 21
1798 2312 23
2252 2312 64
2156 2312 85
4 43 0
43 141 87
141 455 93
43 142 0
142 456 54
456 749 90
749 928 25
928 1058 29
43 143 0
143 457 96
457 750 73
43 144 0
144 458 90
458 751 54
455 1148 45
1058 1148 68
750 1148 38
751 1148 80
1148 1225 46
1225 1336 57
1336 1532 37
1532 1802 57
1802 2019 97
2019 2157 38
1336 1533 0
1533 1803 56
1803 2020 28
2020 2158 75
1336 1534 0
1534 1804 67
1804 2021 56
2021 2159 83
2159 2253 41
1336 1535 0
1535 1805 79
2157 2313 90
2158 2313 29
2253 2313 94
1805 2313 26
42 140 0
1224 1335 0
1334 1530 0
43 145 0
140 454 97
1335 1531 49
1530 1801 42
145 459 81
2313 2346 26
5 44 87
44 146 26
146 460 85
44 147 0
147 461 28
461 752 57
752 929 74
44 148 0
148 462 63
462 753 44
753 930 50
930 1059 60
44 149 0
149 463 31
463 754 79
754 931 94
931 1060 48
44 150 0
150 464 34
464 755 38
755 932 71
460 1149 40
929 1149 41
1059 1149 99
1060 1149 18
932 1149 25
1149 1226 55
1226 1337 47
1337 1536 68
1536 1806 12
1337 1537 0
1537 1807 27
1807 2022 85
1337 1538 0
1538 1808 42
1808 2023 11
2023 2160 94
1806 2254 42
2022 2254 55
2160 2254 78
5 45 0
45 152 26
152 466 35
466 756 77
45 153 0
153 467 33
467 757 30
757 933 46
45 154 0
154 468 87
468 758 23
758 934 36
45 155 0
155 469 76
45 156 0
156 470 38
470 759 87
756 1061 84
933 1061 85
934 1061 84
469 1061 17
759 1061 68
1061 1150 30
1150 1227 79
1227 1339 58
1339 1541 75
1541 1810 74
1227 1340 0
1340 1542 28
1542 1811 39
1227 1341 0
1341 1543 59
1543 1812 85
1227 1342 0
1342 1544 88
1227 1343 0
1343 1545 66
1545 1813 12
1813 2024 20
2024 2161 11
1810 2255 45
1811 2255 63
1812 2255 10
1544 2255 74
2161 2255 75
44 151 0
1226 1338 0
1337 1539 0
45 157 0
151 465 52
1338 1540 45
1539 1809 56
157 471 33
2255 2314 80
6 46 60
46 158 13
158 472 55
472 760 42
46 159 0
159 473 74
473 761 64
761 935 94
46 160 0
160 474 23
760 1062 36
935 1062 87
474 1062 18
1062 1151 87
1151 1228 55
1228 1344 69
1344 1546 28
1546 1814 61
1814 2025 67
1228 1345 0
1345 1547 47
1547 1815 18
1228 1346 0
1346 1548 78
2025 2162 34
1815 2162 90
1548 2162 66
6 47 0
47 162 84
162 476 75
47 163 0
163 477 37
477 762 34
476 936 38
762 936 59
936 1063 40
1063 1152 15
1152 1230 84
1230 1349 53
1349 1550 26
1152 1231 0
1231 1350 25
1350 1551 21
1551 1816 57
1816 2026 80
1152 1232 0
1232 1351 48
1550 2163 50
2026 2163 12
1351 2163 31
46 161 0
1151 1229 0
1228 1347 0
47 164 0
161 475 97
1229 1348 53
1347 1549 62
164 478 91
2163 2256 57
7 48 52
48 165 78
165 479 24
479 763 93
48 166 0
166 480 70
480 764 98
48 167 0
167 481 42
481 765 99
48 168 0
168 482 27
482 766 51
766 937 95
763 1064 68
764 1064 100
765 1064 24
937 1064 59
1064 1153 30
1153 1233 96
1233 1352 48
1352 1552 37
1552 1817 39
1817 2027 10
1233 1353 0
1353 1553 17
1553 1818 58
1818 2028 99
2027 2164 83
2028 2164 47
7 49 0
49 170 49
170 484 89
49 171 0
171 485 59
49 172 0
172 486 64
486 767 72
767 938 44
49 173 0
173 487 10
49 174 0
174 488 95
488 768 34
484 1065 17
485 1065 62
938 1065 22
487 1065 27
768 1065 20
1065 1154 38
1154 1235 12
1235 1356 63
1356 1555 93
1555 1819 96
1235 1357 0
1357 1556 28
1556 1820 98
1820 2029 14
2029 2165 91
1235 1358 0
1358 1557 40
1557 1821 46
1821 2030 89
1819 2257 14
2165 2257 68
2030 2257 39
48 169 0
1153 1234 0
1233 1354 0
49 175 0
169 483 25
1234 1355 87
1354 1554 14
175 489 53
2257 2315 63
8 50 32
50 176 48
176 490 39
490 769 73
50 177 0
177 491 53
491 770 62
770 939 70
50 178 0
178 492 36
492 771 20
771 940 90
940 1066 63
769 1155 74
939 1155 28
1066 1155 31
1155 1236 96
1236 1359 13
1359 1558 62
1558 1822 64
1359 1559 0
1559 1823 67
1823 2031 82
2031 2166 74
1359 1560 0
1560 1824 59
1822 2258 16
2166 2258 42
1824 2258 52
8 51 0
51 180 63
180 494 83
51 181 0
181 495 45
494 772 95
495 772 36
772 941 82
941 1067 10
1067 1156 12
1156 1237 53
1237 1361 56
1067 1157 0
1157 1238 91
1238 1362 96
1067 1158 0
1158 1239 61
1239 1363 98
1363 1563 61
1563 1826 46
1361 2032 13
1362 2032 77
1826 2032 71
50 179 0
1236 1360 0
1359 1561 0
51 182 0
179 493 61
1360 1562 32
1561 1825 71
182 496 92
2032 2167 66
9 52 47
52 183 47
183 497 25
52 184 0
184 498 98
52 185 0
185 499 55
499 773 80
773 942 24
942 1068 64
52 186 0
186 500 15
500 774 53
497 1159 46
498 1159 50
1068 1159 76
774 1159 30
1159 1240 69
1240 1364 38
1364 1564 87
1564 1827 95
1827 2033 92
2033 2168 72
2168 2259 82
1364 1565 0
1565 1828 89
1828 2034 98
2034 2169 90
2169 2260 30
1364 1566 0
1566 1829 60
1829 2035 19
2035 2170 61
2170 2261 75
1364 1567 0
1567 1830 81
2259 2316 58
2260 2316 71
2261 2316 51
1830 2316 70
9 53 0
53 188 82
188 502 13
502 775 62
775 943 30
53 189 0
189 503 60
503 776 15
776 944 26
53 190 0
190 504 97
504 777 32
943 1069 55
944 1069 72
777 1069 14
1069 1160 51
1160 1241 77
1241 1366 33
1366 1570 72
1570 1832 41
1832 2036 93
2036 2171 49
1241 1367 0
1367 1571 33
1571 1833 83
1833 2037 48
2171 2262 83
2037 2262 49
52 187 0
1240 1365 0
1364 1568 0
53 191 0
187 501 16
1365 1569 14
1568 1831 60
191 505 24
2262 2317 89
10 54 67
54 192 38
192 506 54
54 193 0
193 507 30
507 778 54
778 945 59
506 1070 24
945 1070 72
1070 1161 55
1161 1242 20
1242 1368 32
1368 1572 77
1572 1834 40
1834 2038 73
1242 1369 0
1369 1573 88
1242 1370 0
1370 1574 17
1242 1371 0
1371 1575 39
1575 1835 16
1835 2039 76
2039 2172 20
1242 1372 0
1372 1576 48
1576 1836 61
1836 2040 62
2038 2263 39
1573 2263 86
1574 2263 20
2172 2263 17
2040 2263 50
10 55 0
55 195 55
195 509 11
55 196 0
196 510 47
510 779 97
779 946 20
55 197 0
197 511 69
511 780 90
780 947 19
947 1071 29
509 1162 51
946 1162 21
1071 1162 79
1162 1244 98
1244 1375 79
1375 1578 76
1578 1837 80
1375 1579 0
1579 1838 67
1838 2041 28
2041 2173 40
2173 2264 50
1837 2318 65
2264 2318 77
54 194 0
1161 1243 0
1242 1373 0
55 198 0
194 508 47
1243 1374 81
1373 1577 99
198 512 66
2318 2347 42
11 56 10
56 199 68
199 513 51
513 781 40
781 948 16
56 200 0
200 514 69
514 782 37
56 201 0
201 515 88
56 202 0
202 516 51
516 783 50
783 949 50
948 1072 17
782 1072 13
515 1072 87
949 1072 40
1072 1163 36
1163 1245 31
1245 1376 49
1376 1580 17
1580 1839 51
1839 2042 62
1245 1377 0
1377 1581 32
1581 1840 23
2042 2174 77
1840 2174 99
11 57 0
57 204 33
204 518 65
518 784 57
57 205 0
205 519 59
519 785 31
57 206 0
206 520 44
784 950 72
785 950 77
520 950 22
950 1073 72
1073 1164 97
1164 1247 59
1247 1380 22
1380 1583 65
1583 1841 13
1164 1248 0
1248 1381 15
1381 1584 31
1841 2043 23
1584 2043 94
56 203 0
1163 1246 0
1245 1378 0
57 207 0
203 517 12
1246 1379 82
1378 1582 47
207 521 68
2043 2175 70
12 58 65
58 208 33
208 522 54
522 786 39
786 951 97
951 1074 76
58 209 0
209 523 86
58 210 0
210 524 79
524 787 58
787 952 10
952 1075 88
58 211 0
211 525 66
525 788 87
788 953 94
953 1076 98
58 212 0
212 526 81
526 789 69
789 954 69
1074 1165 12
523 1165 91
1075 1165 38
1076 1165 88
954 1165 71
1165 1249 75
1249 1382 57
1382 1585 59
1585 1842 53
1382 1586 0
1586 1843 34
1843 2044 99
1382 1587 0
1587 1844 81
1844 2045 75
2045 2176 70
1842 2265 78
2044 2265 89
2176 2265 90
12 59 0
59 214 66
214 528 91
59 215 0
215 529 30
529 790 48
790 955 89
59 216 0
216 530 34
530 791 53
791 956 74
59 217 0
217 531 26
59 218 0
218 532 72
532 792 47
792 957 63
528 1077 75
955 1077 64
956 1077 15
531 1077 93
957 1077 65
1077 1166 22
1166 1250 86
1250 1384 31
1384 1590 65
1590 1846 44
1846 2046 77
1250 1385 0
1385 1591 64
1591 1847 35
1847 2047 92
2047 2177 68
1250 1386 0
1386 1592 28
1592 1848 40
1848 2048 29
2046 2266 90
2177 2266 45
2048 2266 84
58 213 0
1249 1383 0
1382 1588 0
59 219 0
213 527 40
1383 1589 64
1588 1845 13
219 533 46
2266 2319 32
13 60 25
60 220 82
220 534 59
534 793 91
793 958 92
958 1078 51
60 221 0
221 535 66
535 794 80
794 959 83
959 1079 75
60 222 0
222 536 65
1078 1167 62
1079 1167 48
536 1167 25
1167 1251 24
1251 1387 46
1387 1593 19
1593 1849 58
1387 1594 0
1594 1850 12
1850 2049 16
1387 1595 0
1595 1851 47
1849 2178 73
2049 2178 17
1851 2178 87
13 61 0
61 224 83
224 538 41
538 795 10
61 225 0
225 539 46
539 796 28
61 226 0
226 540 32
61 227 0
227 541 97
541 797 19
797 960 28
61 228 0
228 542 57
542 798 44
798 961 27
795 1080 55
796 1080 53
540 1080 35
960 1080 64
961 1080 32
1080 1168 34
1168 1252 91
1252 1389 63
1389 1598 28
1598 1853 59
1853 2050 46
1252 1390 0
1390 1599 63
1599 1854 66
1854 2051 21
2051 2179 17
1252 1391 0
1391 1600 63
1600 1855 16
1252 1392 0
1392 1601 57
1601 1856 60
2050 2267 69
2179 2267 47
1855 2267 21
1856 2267 24
60 223 0
1251 1388 0
1387 1596 0
61 229 0
223 537 94
1388 1597 53
1596 1852 27
229 543 12
2267 2320 93
14 62 66
62 230 16
230 544 15
544 799 12
62 231 0
231 545 88
545 800 33
800 962 74
62 232 0
232 546 19
546 801 56
801 963 18
62 233 0
233 547 19
547 802 41
802 964 85
964 1081 72
799 1169 43
962 1169 93
963 1169 68
1081 1169 28
1169 1253 39
1253 1393 62
1393 1602 22
1602 1857 38
1857 2052 95
2052 2180 86
2180 2268 41
1393 1603 0
1603 1858 100
1393 1604 0
1604 1859 97
1859 2053 99
2053 2181 23
1393 1605 0
1605 1860 53
1860 2054 16
2054 2182 95
2182 2269 66
2268 2321 11
1858 2321 99
2181 2321 21
2269 2321 81
14 63 0
63 235 78
235 549 89
549 803 99
803 965 44
63 236 0
236 550 76
63 237 0
237 551 82
551 804 49
804 966 59
965 1082 28
550 1082 11
966 1082 25
1082 1170 75
1170 1254 17
1254 1395 19
1395 1608 24
1254 1396 0
1396 1609 33
1254 1397 0
1397 1610 88
1254 1398 0
1398 1611 38
1611 1862 17
1862 2055 11
2055 2183 83
1254 1399 0
1399 1612 59
1612 1863 89
1608 2270 31
1609 2270 18
1610 2270 32
2183 2270 39
1863 2270 57
62 234 0
1253 1394 0
1393 1606 0
63 238 0
234 548 45
1394 1607 75
1606 1861 37
238 552 74
2270 2322 36
15 64 24
64 239 67
239 553 16
553 805 71
805 967 71
967 1083 48
64 240 0
240 554 39
554 806 53
806 968 17
968 1084 92
1083 1171 40
1084 1171 12
1171 1255 59
1255 1400 82
1400 1613 34
1613 1864 68
1400 1614 0
1614 1865 40
1865 2056 94
2056 2184 22
2184 2271 41
1400 1615 0
1615 1866 28
1864 2323 47
2271 2323 18
1866 2323 62
15 65 0
65 242 85
242 556 24
556 807 12
65 243 0
243 557 87
557 808 88
808 969 65
807 1085 51
969 1085 77
1085 1172 23
1172 1256 74
1256 1402 33
1402 1618 23
1618 1868 86
1868 2057 29
1256 1403 0
1403 1619 51
1619 1869 67
1869 2058 60
2058 2185 42
1256 1404 0
1404 1620 20
1620 1870 11
1256 1405 0
1405 1621 15
1621 1871 43
1256 1406 0
1406 1622 52
1622 1872 17
1872 2059 29
2057 2272 26
2185 2272 11
1870 2272 80
1871 2272 76
2059 2272 40
64 241 0
1255 1401 0
1400 1616 0
65 244 0
241 555 32
1401 1617 22
1616 1867 47
244 558 36
2272 2324 100
16 66 72
66 245 75
245 559 79
559 809 29
809 970 49
970 1086 23
66 246 0
246 560 84
560 810 45
66 247 0
247 561 47
66 248 0
248 562 30
562 811 52
811 971 24
971 1087 57
1086 1173 97
810 1173 31
561 1173 44
1087 1173 19
1173 1257 91
1257 1407 96
1407 1623 46
1623 1873 83
1873 2060 78
2060 2186 80
1407 1624 0
1624 1874 52
1874 2061 68
2061 2187 79
2186 2273 36
2187 2273 80
16 67 0
67 250 67
250 564 55
564 812 47
67 251 0
251 565 37
565 813 32
67 252 0
252 566 13
566 814 75
814 972 54
972 1088 60
67 253 0
253 567 27
567 815 56
815 973 26
812 1174 96
813 1174 72
1088 1174 66
973 1174 89
1174 1258 48
1258 1409 13
1409 1627 20
1627 1876 39
1876 2062 100
2062 2188 79
2188 2274 67
1409 1628 0
1628 1877 81
1877 2063 43
1409 1629 0
1629 1878 95
1878 2064 52
2274 2325 33
2063 2325 71
2064 2325 20
66 249 0
1257 1408 0
1407 1625 0
67 254 0
249 563 95
1408 1626 81
1625 1875 51
254 568 45
2325 2348 98
17 68 28
68 255 89
255 569 25
68 256 0
256 570 51
570 816 38
816 974 49
68 257 0
257 571 43
571 817 16
817 975 77
975 1089 19
569 1175 79
974 1175 43
1089 1175 25
1175 1259 58
1259 1410 88
1410 1630 98
1630 1879 10
1410 1631 0
1631 1880 97
1880 2065 80
1879 2189 52
2065 2189 53
17 69 0
69 259 92
259 573 23
573 818 94
818 976 85
976 1090 81
69 260 0
260 574 64
574 819 54
69 261 0
261 575 46
575 820 68
820 977 41
69 262 0
262 576 81
69 263 0
263 577 25
577 821 63
821 978 96
978 1091 86
1090 1176 78
819 1176 61
977 1176 69
576 1176 53
1091 1176 72
1176 1260 58
1260 1412 13
1412 1634 79
1634 1882 10
1882 2066 49
1412 1635 0
1635 1883 96
1883 2067 73
2067 2190 50
2190 2275 73
1412 1636 0
1636 1884 38
1884 2068 11
2068 2191 64
2191 2276 66
1412 1637 0
1637 1885 83
1885 2069 44
1412 1638 0
1638 1886 60
1886 2070 50
2070 2192 35
2192 2277 73
2066 2326 39
2275 2326 74
2276 2326 60
2069 2326 60
2277 2326 24
68 258 0
1259 1411 0
1410 1632 0
69 264 0
258 572 92
1411 1633 22
1632 1881 38
264 578 59
2326 2349 69
18 70 32
70 265 48
265 579 10
579 822 16
822 979 82
979 1092 62
70 266 0
266 580 39
70 267 0
267 581 19
581 823 70
70 268 0
268 582 89
582 824 14
1092 1177 93
580 1177 48
823 1177 23
824 1177 78
1177 1261 99
1261 1413 34
1413 1639 15
1639 1887 70
1887 2071 17
2071 2193 83
1413 1640 0
1640 1888 62
1413 1641 0
1641 1889 87
1889 2072 54
2072 2194 100
2194 2278 36
1413 1642 0
1642 1890 25
1890 2073 89
2073 2195 23
2195 2279 55
1413 1643 0
1643 1891 14
1891 2074 19
2074 2196 48
2193 2327 27
1888 2327 28
2278 2327 92
2279 2327 42
2196 2327 48
18 71 0
71 270 16
270 584 46
584 825 80
71 271 0
271 585 99
585 826 83
826 980 98
980 1093 91
71 272 0
272 586 88
586 827 68
827 981 29
981 1094 33
71 273 0
273 587 87
587 828 74
828 982 86
982 1095 65
71 274 0
274 588 43
588 829 76
829 983 19
825 1178 97
1093 1178 55
1094 1178 44
1095 1178 42
983 1178 79
1178 1262 10
1262 1415 91
1415 1646 32
1646 1893 95
1415 1647 0
1647 1894 91
1894 2075 55
2075 2197 72
1893 2280 93
2197 2280 35
70 269 0
1261 1414 0
1413 1644 0
71 275 0
269 583 57
1414 1645 100
1644 1892 36
275 589 41
2280 2328 13
19 72 26
72 276 91
276 590 17
590 830 99
830 984 26
984 1096 35
72 277 0
277 591 72
591 831 13
72 278 0
278 592 29
592 832 90
832 985 93
72 279 0
279 593 63
593 833 38
833 986 33
986 1097 19
1096 1179 28
831 1179 10
985 1179 55
1097 1179 87
1179 1263 97
1263 1416 91
1416 1648 69
1648 1895 84
1895 2076 18
2076 2198 49
2198 2281 44
1416 1649 0
1649 1896 53
1416 1650 0
1650 1897 71
1416 1651 0
1651 1898 15
1416 1652 0
1652 1899 89
2281 2329 56
1896 2329 15
1897 2329 78
1898 2329 99
1899 2329 59
19 73 0
73 281 54
281 595 65
73 282 0
282 596 48
596 834 74
834 987 86
987 1098 98
595 1180 23
1098 1180 58
1180 1264 32
1264 1418 27
1418 1655 42
1655 1901 21
1418 1656 0
1656 1902 93
1902 2077 41
1901 2199 28
2077 2199 49
72 280 0
1263 1417 0
1416 1653 0
73 283 0
280 594 34
1417 1654 88
1653 1900 48
283 597 45
2199 2282 10
20 74 82
74 284 12
284 598 36
598 835 73
74 285 0
285 599 20
599 836 90
836 988 28
74 286 0
286 600 81
600 837 37
837 989 78
989 1099 26
74 287 0
287 601 94
601 838 15
838 990 14
74 288 0
288 602 24
602 839 22
839 991 69
835 1181 57
988 1181 15
1099 1181 51
990 1181 63
991 1181 93
1181 1265 93
1265 1419 100
1419 1657 26
1657 1903 76
1419 1658 0
1658 1904 99
1904 2078 98
2078 2200 34
2200 2283 99
1419 1659 0
1659 1905 36
1419 1660 0
1660 1906 14
1906 2079 56
2079 2201 65
1903 2330 50
2283 2330 83
1905 2330 42
2201 2330 11
20 75 0
75 290 58
290 604 32
604 840 83
840 992 26
75 291 0
291 605 37
605 841 74
75 292 0
292 606 85
75 293 0
293 607 66
607 842 22
842 993 30
993 1100 82
75 294 0
294 608 61
608 843 100
843 994 90
994 1101 33
992 1182 73
841 1182 99
606 1182 22
1100 1182 76
1101 1182 83
1182 1266 67
1266 1421 100
1421 1663 13
1663 1908 14
1908 2080 15
1421 1664 0
1664 1909 85
1909 2081 40
2081 2202 79
2202 2284 76
1421 1665 0
1665 1910 95
1910 2082 53
2080 2331 52
2284 2331 17
2082 2331 12
74 289 0
1265 1420 0
1419 1661 0
75 295 0
289 603 22
1420 1662 55
1661 1907 75
295 609 45
2331 2350 100
21 76 20
76 296 47
296 610 90
76 297 0
297 611 56
611 844 29
844 995 91
76 298 0
298 612 28
612 845 32
845 996 10
996 1102 88
610 1183 95
995 1183 93
1102 1183 82
1183 1267 62
1267 1422 22
1422 1666 38
1666 1911 31
1422 1667 0
1667 1912 22
1912 2083 26
2083 2203 77
2203 2285 47
1422 1668 0
1668 1913 26
1913 2084 92
1422 1669 0
1669 1914 29
1914 2085 83
2085 2204 29
2204 2286 64
1911 2332 99
2285 2332 15
2084 2332 39
2286 2332 60
21 77 0
77 300 68
300 614 71
614 846 31
846 997 52
997 1103 29
77 301 0
301 615 41
77 302 0
302 616 92
616 847 76
847 998 17
77 303 0
303 617 12
617 848 93
848 999 58
1103 1184 13
615 1184 51
998 1184 27
999 1184 49
1184 1268 71
1268 1424 80
1424 1672 28
1672 1916 71
1916 2086 71
2086 2205 66
2205 2287 36
1424 1673 0
1673 1917 80
1917 2087 16
2087 2206 45
2287 2333 41
2206 2333 26
76 299 0
1267 1423 0
1422 1670 0
77 304 0
299 613 40
1423 1671 75
1670 1915 47
304 618 19
2333 2351 64
22 78 54
78 305 27
305 619 47
619 849 82
78 306 0
306 620 25
620 850 32
850 1000 81
1000 1104 57
78 307 0
307 621 77
621 851 18
851 1001 47
78 308 0
308 622 36
622 852 57
852 1002 67
1002 1105 10
78 309 0
309 623 64
623 853 98
849 1185 29
1104 1185 85
1001 1185 74
1105 1185 69
853 1185 95
1185 1269 45
1269 1425 62
1425 1674 70
1674 1918 98
1425 1675 0
1675 1919 89
1919 2088 19
1425 1676 0
1676 1920 28
1920 2089 22
2089 2207 51
1425 1677 0
1677 1921 65
1921 2090 25
2090 2208 62
1425 1678 0
1678 1922 48
1918 2288 75
2088 2288 68
2207 2288 86
2208 2288 18
1922 2288 85
22 79 0
79 311 29
311 625 22
625 854 42
79 312 0
312 626 84
626 855 71
855 1003 66
79 313 0
313 627 12
627 856 89
856 1004 96
79 314 0
314 628 37
79 315 0
315 629 38
629 857 72
857 1005 22
854 1106 68
1003 1106 11
1004 1106 21
628 1106 92
1005 1106 98
1106 1186 41
1186 1270 29
1270 1427 54
1427 1681 19
1681 1924 58
1270 1428 0
1428 1682 97
1682 1925 97
1270 1429 0
1429 1683 17
1924 2091 48
1925 2091 96
1683 2091 17
78 310 0
1269 1426 0
1425 1679 0
79 316 0
310 624 18
1426 1680 41
1679 1923 26
316 630 89
2091 2209 59
23 80 61
80 317 69
317 631 80
631 858 45
80 318 0
318 632 53
632 859 67
80 319 0
319 633 53
633 860 69
80 320 0
320 634 81
634 861 44
861 1006 86
858 1107 15
859 1107 40
860 1107 63
1006 1107 90
1107 1187 86
1187 1271 66
1271 1430 43
1430 1684 35
1684 1926 53
1271 1431 0
1431 1685 79
1685 1927 86
1927 2092 41
1271 1432 0
1432 1686 86
1686 1928 59
1928 2093 79
1271 1433 0
1433 1687 33
1687 1929 29
1271 1434 0
1434 1688 14
1926 2210 96
2092 2210 13
2093 2210 89
1929 2210 59
1688 2210 67
23 81 0
81 322 28
322 636 46
636 862 51
862 1007 85
1007 1108 77
81 323 0
323 637 19
81 324 0
324 638 87
638 863 72
863 1008 56
1008 1109 11
1108 1188 21
637 1188 93
1109 1188 40
1188 1273 65
1273 1437 40
1437 1690 90
1690 1930 36
1930 2094 65
2094 2211 87
2211 2289 14
1437 1691 0
1691 1931 35
1931 2095 19
2095 2212 20
1437 1692 0
1692 1932 88
1932 2096 80
2289 2334 35
2212 2334 35
2096 2334 56
80 321 0
1187 1272 0
1271 1435 0
81 325 0
321 635 89
1272 1436 17
1435 1689 88
325 639 76
2334 2352 74
24 82 16
82 326 55
326 640 80
82 327 0
327 641 43
641 864 82
864 1009 17
82 328 0
328 642 81
642 865 29
82 329 0
329 643 10
643 866 20
866 1010 19
640 1110 92
1009 1110 18
865 1110 16
1010 1110 80
1110 1189 24
1189 1274 54
1274 1438 91
1438 1693 66
1274 1439 0
1439 1694 45
1694 1933 91
1693 2097 24
1933 2097 15
24 83 0
83 331 82
331 645 63
645 867 16
867 1011 35
1011 1111 22
83 332 0
332 646 25
83 333 0
333 647 13
647 868 95
868 1012 14
83 334 0
334 648 80
648 869 62
83 335 0
335 649 24
649 870 56
870 1013 50
1013 1112 97
1111 1190 51
646 1190 17
1012 1190 88
869 1190 45
1112 1190 14
1190 1276 69
1276 1442 99
1442 1696 24
1696 1934 11
1934 2098 94
2098 2213 65
2213 2290 56
1442 1697 0
1697 1935 52
1442 1698 0
1698 1936 39
1936 2099 74
2099 2214 49
1442 1699 0
1699 1937 42
1442 1700 0
1700 1938 10
1938 2100 81
2100 2215 60
2290 2335 30
1935 2335 95
2214 2335 23
1937 2335 36
2215 2335 74
82 330 0
1189 1275 0
1274 1440 0
83 336 0
330 644 11
1275 1441 37
1440 1695 100
336 650 32
2335 2353 80
25 84 41
84 337 70
337 651 16
84 338 0
338 652 34
652 871 53
84 339 0
339 653 38
653 872 89
872 1014 34
651 1113 60
871 1113 18
1014 1113 39
1113 1191 44
1191 1277 57
1277 1443 78
1443 1701 35
1701 1939 70
1939 2101 75
2101 2216 41
1277 1444 0
1444 1702 89
1702 1940 62
1277 1445 0
1445 1703 97
1703 1941 98
1277 1446 0
1446 1704 36
1704 1942 72
1942 2102 49
2102 2217 59
1277 1447 0
1447 1705 66
1705 1943 54
2216 2291 79
1940 2291 16
1941 2291 64
2217 2291 52
1943 2291 23
25 85 0
85 341 27
341 655 47
85 342 0
342 656 46
656 873 19
873 1015 81
1015 1114 30
85 343 0
343 657 86
657 874 53
874 1016 42
655 1192 53
1114 1192 97
1016 1192 31
1192 1279 47
1279 1450 92
1450 1707 59
1707 1944 65
1944 2103 56
2103 2218 65
2218 2292 78
1450 1708 0
1708 1945 99
1945 2104 79
2104 2219 49
1450 1709 0
1709 1946 29
1450 1710 0
1710 1947 40
1947 2105 77
1450 1711 0
1711 1948 35
1948 2106 98
2106 2220 70
2292 2336 30
2219 2336 70
1946 2336 11
2105 2336 80
2220 2336 14
84 340 0
1191 1278 0
1277 1448 0
85 344 0
340 654 42
1278 1449 81
1448 1706 76
344 658 80
2336 2354 49
26 86 55
86 345 23
345 659 41
659 875 48
86 346 0
346 660 98
86 347 0
347 661 42
661 876 16
876 1017 50
1017 1115 63
86 348 0
348 662 63
86 349 0
349 663 54
663 877 50
877 1018 84
875 1193 71
660 1193 69
1115 1193 15
662 1193 32
1018 1193 75
1193 1280 79
1280 1451 31
1451 1712 100
1712 1949 15
1949 2107 89
2107 2221 25
1451 1713 0
1713 1950 32
1950 2108 96
2108 2222 13
1451 1714 0
1714 1951 15
1951 2109 50
2109 2223 80
1451 1715 0
1715 1952 34
2221 2293 85
2222 2293 46
2223 2293 82
1952 2293 22
26 87 0
87 351 14
351 665 25
665 878 61
878 1019 67
1019 1116 31
87 352 0
352 666 59
1116 1194 62
666 1194 33
1194 1281 95
1281 1453 36
1453 1718 56
1718 1954 85
1954 2110 95
2110 2224 68
1453 1719 0
1719 1955 28
1955 2111 97
1453 1720 0
1720 1956 97
1956 2112 75
2112 2225 68
2225 2294 93
1453 1721 0
1721 1957 80
1957 2113 91
2113 2226 62
2226 2295 16
2224 2337 96
2111 2337 45
2294 2337 11
2295 2337 85
86 350 0
1280 1452 0
1451 1716 0
87 353 0
350 664 19
1452 1717 95
1716 1953 27
353 667 25
2337 2355 72
27 88 19
88 354 34
354 668 40
668 879 88
88 355 0
355 669 72
669 880 77
880 1020 56
88 356 0
356 670 37
88 357 0
357 671 20
671 881 68
881 1021 14
879 1117 20
1020 1117 59
670 1117 69
1021 1117 43
1117 1195 100
1195 1282 27
1282 1454 16
1454 1722 61
1722 1958 97
1958 2114 54
1282 1455 0
1455 1723 80
1723 1959 21
1959 2115 14
2114 2227 18
2115 2227 15
27 89 0
89 359 42
359 673 31
673 882 100
882 1022 63
1022 1118 65
89 360 0
360 674 22
674 883 85
89 361 0
361 675 73
675 884 38
884 1023 48
1023 1119 35
89 362 0
362 676 62
676 885 51
885 1024 73
1024 1120 22
1118 1196 88
883 1196 54
1119 1196 69
1120 1196 30
1196 1284 96
1284 1458 96
1458 1725 12
1725 1960 50
1458 1726 0
1726 1961 45
1961 2116 60
2116 2228 96
2228 2296 11
1960 2338 84
2296 2338 87
88 358 0
1195 1283 0
1282 1456 0
89 363 0
358 672 41
1283 1457 30
1456 1724 80
363 677 54
2338 2356 18
28 90 61
90 364 72
364 678 57
90 365 0
365 679 12
679 886 34
90 366 0
366 680 48
680 887 74
678 1025 11
886 1025 33
887 1025 76
1025 1121 29
1121 1197 98
1197 1285 50
1285 1459 31
1459 1727 77
1727 1962 15
1197 1286 0
1286 1460 97
1460 1728 76
1728 1963 58
1197 1287 0
1287 1461 48
1197 1288 0
1288 1462 77
1462 1729 80
1962 2117 46
1963 2117 32
1461 2117 56
1729 2117 95
28 91 0
91 368 88
368 682 91
682 888 73
888 1026 97
91 369 0
369 683 98
683 889 17
1026 1122 56
889 1122 78
1122 1199 91
1199 1291 20
1291 1464 71
1464 1730 17
1291 1465 0
1465 1731 12
1291 1466 0
1466 1732 72
1732 1964 27
1291 1467 0
1467 1733 68
1733 1965 72
1965 2118 25
2118 2229 29
1730 2297 86
1731 2297 25
1964 2297 19
2229 2297 81
90 367 0
1121 1198 0
1197 1289 0
91 370 0
367 681 52
1198 1290 48
1289 1463 94
370 684 39
2297 2339 40
29 92 57
92 371 98
371 685 23
685 890 38
890 1027 22
92 372 0
372 686 84
1027 1123 35
686 1123 55
1123 1200 12
1200 1292 91
1292 1468 91
1468 1734 16
1734 1966 63
1966 2119 45
2119 2230 28
1292 1469 0
1469 1735 26
1735 1967 68
1292 1470 0
1470 1736 77
1736 1968 100
1968 2120 82
2120 2231 45
1292 1471 0
1471 1737 64
1737 1969 93
1969 2121 33
2230 2298 84
1967 2298 24
2231 2298 90
2121 2298 88
29 93 0
93 374 34
374 688 18
688 891 34
93 375 0
375 689 22
93 376 0
376 690 92
690 892 50
892 1028 60
1028 1124 23
93 377 0
377 691 79
691 893 66
893 1029 99
1029 1125 53
891 1201 36
689 1201 47
1124 1201 61
1125 1201 57
1201 1294 74
1294 1474 74
1474 1739 82
1739 1970 92
1970 2122 25
2122 2232 24
2232 2299 78
1474 1740 0
1740 1971 47
1971 2123 42
2123 2233 95
2233 2300 40
1474 1741 0
1741 1972 32
1972 2124 15
2124 2234 44
1474 1742 0
1742 1973 93
1973 2125 21
2299 2340 81
2300 2340 53
2234 2340 100
2125 2340 79
92 373 0
1200 1293 0
1292 1472 0
93 378 0
373 687 24
1293 1473 54
1472 1738 69
378 692 28
2340 2357 85
30 94 63
94 379 28
379 693 56
693 894 80
94 380 0
380 694 29
894 1030 85
694 1030 78
1030 1126 47
1126 1202 14
1202 1295 84
1295 1475 100
1475 1743 34
1202 1296 0
1296 1476 50
1743 1974 52
1476 1974 22
30 95 0
95 382 99
382 696 40
696 895 49
895 1031 74
1031 1127 11
95 383 0
383 697 82
697 896 56
896 1032 39
1032 1128 88
95 384 0
384 698 25
95 385 0
385 699 29
699 897 17
897 1033 39
95 386 0
386 700 77
700 898 85
898 1034 52
1034 1129 25
1127 1204 82
1128 1204 96
698 1204 38
1033 1204 88
1129 1204 89
1204 1299 77
1299 1478 70
1478 1744 65
1744 1975 14
1975 2126 80
2126 2235 77
1478 1745 0
1745 1976 73
1976 2127 65
2235 2301 24
2127 2301 73
94 381 0
1126 1203 0
1202 1297 0
95 387 0
381 695 33
1203 1298 44
1297 1477 42
387 701 86
2301 2341 29
31 96 44
96 388 23
388 702 69
702 899 18
96 389 0
389 703 14
703 900 41
900 1035 28
1035 1130 65
96 390 0
390 704 88
704 901 34
901 1036 59
96 391 0
391 705 15
705 902 88
902 1037 13
899 1205 71
1130 1205 17
1036 1205 87
1037 1205 28
1205 1300 100
1300 1479 50
1479 1746 55
1746 1977 42
1977 2128 50
2128 2236 97
1479 1747 0
1747 1978 91
1978 2129 22
1479 1748 0
1748 1979 65
1979 2130 33
2130 2237 89
2237 2302 48
1479 1749 0
1749 1980 10
1980 2131 20
2131 2238 79
1479 1750 0
1750 1981 77
2236 2342 10
2129 2342 40
2302 2342 88
2238 2342 69
1981 2342 18
31 97 0
97 393 43
393 707 17
707 903 44
903 1038 100
97 394 0
394 708 99
708 904 21
904 1039 84
1038 1131 71
1039 1131 43
1131 1206 63
1206 1301 11
1301 1481 48
1481 1753 46
1301 1482 0
1482 1754 27
1754 1983 70
1983 2132 64
1301 1483 0
1483 1755 48
1755 1984 23
1301 1484 0
1484 1756 84
1756 1985 17
1301 1485 0
1485 1757 39
1757 1986 22
1753 2239 44
2132 2239 15
1984 2239 61
1985 2239 37
1986 2239 10
96 392 0
1300 1480 0
1479 1751 0
97 395 0
392 706 70
1480 1752 30
1751 1982 65
395 709 56
2239 2303 97
32 98 64
98 396 71
396 710 70
710 905 58
905 1040 76
98 397 0
397 711 87
98 398 0
398 712 72
712 906 83
98 399 0
399 713 20
98 400 0
400 714 41
714 907 23
907 1041 41
1041 1132 28
1040 1207 85
711 1207 59
906 1207 51
713 1207 37
1132 1207 52
1207 1302 14
1302 1486 83
1486 1758 80
1758 1987 73
1987 2133 13
1486 1759 0
1759 1988 74
1988 2134 13
2134 2240 93
2240 2304 56
1486 1760 0
1760 1989 36
1486 1761 0
1761 1990 89
1990 2135 42
2135 2241 100
2241 2305 39
2133 2343 97
2304 2343 91
1989 2343 14
2305 2343 67
32 99 0
99 402 51
402 716 54
99 403 0
403 717 53
717 908 11
908 1042 23
1042 1133 50
99 404 0
404 718 66
99 405 0
405 719 55
719 909 50
909 1043 57
1043 1134 59
716 1208 38
1133 1208 96
718 1208 17
1134 1208 79
1208 1303 62
1303 1488 34
1488 1764 62
1764 1992 82
1488 1765 0
1765 1993 82
1993 2136 54
1488 1766 0
1766 1994 66
1994 2137 45
2137 2242 73
2242 2306 100
1488 1767 0
1767 1995 12
1995 2138 72
2138 2243 64
2243 2307 34
1488 1768 0
1768 1996 50
1996 2139 28
1992 2344 36
2136 2344 48
2306 2344 76
2307 2344 84
2139 2344 94
98 401 0
1302 1487 0
1486 1762 0
99 406 0
401 715 73
1487 1763 63
1762 1991 12
406 720 19
2344 2358 14
33 100 51
100 407 31
407 721 89
721 910 60
910 1044 61
100 408 0
408 722 51
100 409 0
409 723 80
723 911 47
911 1045 67
1044 1135 79
722 1135 23
1045 1135 78
1135 1209 16
1209 1304 36
1304 1489 46
1489 1769 55
1304 1490 0
1490 1770 81
1769 1997 51
1770 1997 99
33 101 0
101 411 62
411 725 34
725 912 27
912 1046 98
1046 1136 45
101 412 0
412 726 56
726 913 42
913 1047 49
1047 1137 14
101 413 0
413 727 97
727 914 71
101 414 0
414 728 63
1136 1210 37
1137 1210 44
914 1210 19
728 1210 48
1210 1306 72
1306 1493 30
1493 1772 30
1772 1998 23
1493 1773 0
1773 1999 14
1998 2140 60
1999 2140 51
100 410 0
1209 1305 0
1304 1491 0
101 415 0
410 724 65
1305 1492 36
1491 1771 84
415 729 23
2140 2244 91
2309 2359 87
2247 2359 68
2345 2359 83
2311 2359 44
2346 2359 97
2314 2359 19
2256 2359 41
2315 2359 70
2167 2359 74
2317 2359 17
2347 2359 68
2175 2359 100
2319 2359 87
2320 2359 85
2322 2359 65
2324 2359 11
2348 2359 61
2349 2359 47
2328 2359 50
2282 2359 14
2350 2359 48
2351 2359 53
2209 2359 97
2352 2359 62
2353 2359 84
2354 2359 47
2355 2359 86
2356 2359 23
2339 2359 12
2357 2359 33
2341 2359 47
2303 2359 22
2358 2359 68
2244 2359 84
