2360 2704
0 34 24
34 102 89
102 416 11
416 730 71
730 915 47
915 1048 68
34 103 0
103 417 96
34 104 0
104 418 53
418 731 20
731 916 35
916 1049 52
34 105 0
105 419 89
419 732 21
732 917 26
34 106 0
106 420 46
1048 1138 24
417 1138 90
1049 1138 13
917 1138 87
420 1138 41
1138 1211 26
1211 1307 88
1307 1494 41
1494 1774 98
1774 2000 30
2000 2141 18
1307 1495 0
1495 1775 63
1775 2001 72
2001 2142 44
2142 2245 57
1307 1496 0
1496 1776 73
1776 2002 48
2002 2143 66
2141 2308 55
2245 2308 12
2143 2308 65
0 35 0
35 108 23
108 422 60
35 109 0
109 423 17
423 733 74
733 918 78
422 1050 53
918 1050 25
1050 1139 24
1139 1212 90
1212 1309 77
1309 1499 24
1499 1778 31
1212 1310 0
1310 1500 53
1212 1311 0
1311 1501 95
1212 1312 0
1312 1502 67
1502 1779 18
1779 2003 86
2003 2144 90
1212 1313 0
1313 1503 100
1503 1780 13
1780 2004 22
1778 2246 91
1500 2246 38
1501 2246 19
2144 2246 48
2004 2246 12
34 107 0
1211 1308 0
1307 1497 0
35 110 0
107 421 33
1308 1498 71
1497 1777 69
110 424 72
2246 2309 59
1 36 21
36 111 63
111 425 68
425 734 57
36 112 0
112 426 73
36 113 0
113 427 85
427 735 52
36 114 0
114 428 76
734 919 57
426 919 95
735 919 26
428 919 84
919 1051 72
1051 1140 10
1140 1213 67
1213 1314 88
1314 1504 88
1504 1781 22
1781 2005 82
1140 1214 0
1214 1315 52
1315 1505 24
1505 1782 18
2005 2145 50
1782 2145 10
1 37 0
37 116 21
116 430 47
430 736 11
37 117 0
117 431 50
431 737 68
737 920 26
920 1052 28
37 118 0
118 432 42
37 119 0
119 433 98
736 1142 74
1052 1142 93
432 1142 12
433 1142 98
1142 1217 31
1217 1317 31
1317 1506 56
1506 1783 90
1783 2006 53
1317 1507 0
1507 1784 69
1317 1508 0
1508 1785 29
1785 2007 21
2006 2146 53
1784 2146 91
2007 2146 20
36 115 0
1051 1141 0
1140 1215 0
37 120 0
115 429 80
1141 1216 87
1215 1316 55
120 434 51
2146 2247 34
2 38 32
38 121 47
121 435 99
435 738 20
738 921 85
38 122 0
122 436 48
38 123 0
123 437 77
437 739 17
921 1053 73
436 1053 89
739 1053 39
1053 1143 35
1143 1218 77
1218 1318 13
1318 1509 11
1509 1786 56
1786 2008 74
2008 2147 78
1218 1319 0
1319 1510 19
1218 1320 0
1320 1511 38
1511 1787 55
1787 2009 92
1218 1321 0
1321 1512 64
1512 1788 52
1788 2010 71
2010 2148 62
2147 2248 17
1510 2248 22
2009 2248 71
2148 2248 64
2 39 0
39 125 27
125 439 47
39 126 0
126 440 93
440 740 27
740 922 58
922 1054 51
39 127 0
127 441 94
441 741 15
439 1144 25
1054 1144 53
741 1144 27
1144 1220 72
1220 1324 81
1324 1514 58
1514 1789 12
1789 2011 91
2011 2149 99
2149 2249 38
1324 1515 0
1515 1790 20
1790 2012 58
2012 2150 15
2150 2250 72
1324 1516 0
1516 1791 68
1791 2013 96
2013 2151 31
1324 1517 0
1517 1792 34
1324 1518 0
1518 1793 89
1793 2014 86
2014 2152 61
2249 2310 27
2250 2310 98
2151 2310 84
1792 2310 58
2152 2310 39
38 124 0
1143 1219 0
1218 1322 0
39 128 0
124 438 47
1219 1323 46
1322 1513 75
128 442 84
2310 2345 13
3 40 12
40 129 47
129 443 91
443 742 83
742 923 65
40 130 0
130 444 18
444 743 40
743 924 88
923 1055 34
924 1055 70
1055 1145 63
1145 1221 68
1221 1325 39
1325 1519 47
1221 1326 0
1326 1520 11
1520 1794 16
1794 2015 47
1221 1327 0
1327 1521 45
1521 1795 33
1221 1328 0
1328 1522 37
1221 1329 0
1329 1523 85
1519 2153 35
2015 2153 73
1795 2153 14
1522 2153 36
1523 2153 59
3 41 0
41 132 60
132 446 27
41 133 0
133 447 90
447 744 78
744 925 100
41 134 0
134 448 79
448 745 14
745 926 22
41 135 0
135 449 88
449 746 19
446 1056 91
925 1056 11
926 1056 20
746 1056 90
1056 1146 36
1146 1223 92
1223 1332 56
1332 1525 89
1525 1796 17
1223 1333 0
1333 1526 48
1526 1797 64
1797 2016 34
2016 2154 61
1796 2251 27
2154 2251 28
40 131 0
1145 1222 0
1221 1330 0
41 136 0
131 445 76
1222 1331 54
1330 1524 83
136 450 29
2251 2311 25
4 42 54
42 137 75
137 451 78
42 138 0
138 452 19
452 747 91
747 927 82
927 1057 39
42 139 0
139 453 15
453 748 45
451 1147 41
1057 1147 16
748 1147 76
1147 1224 51
1224 1334 24
1334 1527 28
1527 1798 38
1334 1528 0
1528 1799 18
1799 2017 30
2017 2155 18
2155 2252 63
1334 1529 0
1529 1800 22
1800 2018 56
2018 2156 58
1798 2312 68
2252 2312 14
2156 2312 17
4 43 0
43 141 52
141 455 16
43 142 0
142 456 92
456 749 67
749 928 85
928 1058 100
43 143 0
143 457 72
457 750 47
43 144 0
144 458 26
458 751 57
455 1148 97
1058 1148 90
750 1148 96
751 1148 23
1148 1225 95
1225 1336 26
1336 1532 98
1532 1802 80
1802 2019 59
2019 2157 14
1336 1533 0
1533 1803 19
1803 2020 66
2020 2158 97
1336 1534 0
1534 1804 73
1804 2021 51
2021 2159 39
2159 2253 99
1336 1535 0
1535 1805 72
2157 2313 77
2158 2313 13
2253 2313 36
1805 2313 76
42 140 0
1224 1335 0
1334 1530 0
43 145 0
140 454 79
1335 1531 59
1530 1801 20
145 459 75
2313 2346 38
5 44 45
44 146 79
146 460 86
44 147 0
147 461 91
461 752 42
752 929 94
44 148 0
148 462 73
462 753 91
753 930 37
930 1059 91
44 149 0
149 463 70
463 754 28
754 931 48
931 1060 76
44 150 0
150 464 48
464 755 55
755 932 95
460 1149 98
929 1149 26
1059 1149 37
1060 1149 100
932 1149 27
1149 1226 43
1226 1337 86
1337 1536 26
1536 1806 79
1337 1537 0
1537 1807 34
1807 2022 39
1337 1538 0
1538 1808 88
1808 2023 12
2023 2160 15
1806 2254 92
2022 2254 60
2160 2254 24
5 45 0
45 152 84
152 466 58
466 756 97
45 153 0
153 467 45
467 757 29
757 933 68
45 154 0
154 468 53
468 758 55
758 934 64
45 155 0
155 469 35
45 156 0
156 470 90
470 759 74
756 1061 77
933 1061 72
934 1061 69
469 1061 24
759 1061 11
1061 1150 64
1150 1227 51
1227 1339 24
1339 1541 37
1541 1810 62
1227 1340 0
1340 1542 39
1542 1811 17
1227 1341 0
1341 1543 20
1543 1812 85
1227 1342 0
1342 1544 47
1227 1343 0
1343 1545 90
1545 1813 14
1813 2024 50
2024 2161 53
1810 2255 13
1811 2255 87
1812 2255 10
1544 2255 45
2161 2255 18
44 151 0
1226 1338 0
1337 1539 0
45 157 0
151 465 51
1338 1540 76
1539 1809 54
157 471 58
2255 2314 15
6 46 10
46 158 59
158 472 46
472 760 33
46 159 0
159 473 64
473 761 83
761 935 99
46 160 0
160 474 84
760 1062 27
935 1062 23
474 1062 56
1062 1151 37
1151 1228 56
1228 1344 90
1344 1546 84
1546 1814 74
1814 2025 34
1228 1345 0
1345 1547 12
1547 1815 84
1228 1346 0
1346 1548 85
2025 2162 90
1815 2162 14
1548 2162 86
6 47 0
47 162 28
162 476 53
47 163 0
163 477 10
477 762 14
476 936 25
762 936 52
936 1063 49
1063 1152 59
1152 1230 89
1230 1349 10
1349 1550 62
1152 1231 0
1231 1350 62
1350 1551 39
1551 1816 59
1816 2026 29
1152 1232 0
1232 1351 92
1550 2163 36
2026 2163 81
1351 2163 94
46 161 0
1151 1229 0
1228 1347 0
47 164 0
161 475 73
1229 1348 19
1347 1549 88
164 478 57
2163 2256 13
7 48 62
48 165 12
165 479 37
479 763 69
48 166 0
166 480 17
480 764 59
48 167 0
167 481 90
481 765 98
48 168 0
168 482 72
482 766 51
766 937 57
763 1064 60
764 1064 97
765 1064 66
937 1064 74
1064 1153 36
1153 1233 82
1233 1352 46
1352 1552 79
1552 1817 63
1817 2027 28
1233 1353 0
1353 1553 76
1553 1818 96
1818 2028 64
2027 2164 43
2028 2164 98
7 49 0
49 170 76
170 484 57
49 171 0
171 485 11
49 172 0
172 486 97
486 767 70
767 938 96
49 173 0
173 487 48
49 174 0
174 488 28
488 768 14
484 1065 28
485 1065 87
938 1065 23
487 1065 22
768 1065 92
1065 1154 43
1154 1235 74
1235 1356 94
1356 1555 20
1555 1819 27
1235 1357 0
1357 1556 96
1556 1820 66
1820 2029 74
2029 2165 30
1235 1358 0
1358 1557 98
1557 1821 81
1821 2030 94
1819 2257 21
2165 2257 58
2030 2257 40
48 169 0
1153 1234 0
1233 1354 0
49 175 0
169 483 36
1234 1355 32
1354 1554 74
175 489 96
2257 2315 83
8 50 41
50 176 77
176 490 96
490 769 36
50 177 0
177 491 93
491 770 41
770 939 14
50 178 0
178 492 20
492 771 57
771 940 81
940 1066 26
769 1155 50
939 1155 10
1066 1155 23
1155 1236 56
1236 1359 32
1359 1558 33
1558 1822 48
1359 1559 0
1559 1823 45
1823 2031 29
2031 2166 12
1359 1560 0
1560 1824 65
1822 2258 94
2166 2258 29
1824 2258 96
8 51 0
51 180 10
180 494 65
51 181 0
181 495 67
494 772 66
495 772 82
772 941 71
941 1067 27
1067 1156 20
1156 1237 23
1237 1361 41
1067 1157 0
1157 1238 15
1238 1362 91
1067 1158 0
1158 1239 22
1239 1363 91
1363 1563 53
1563 1826 24
1361 2032 23
1362 2032 94
1826 2032 12
50 179 0
1236 1360 0
1359 1561 0
51 182 0
179 493 91
1360 1562 23
1561 1825 98
182 496 95
2032 2167 95
9 52 13
52 183 36
183 497 72
52 184 0
184 498 14
52 185 0
185 499 70
499 773 87
773 942 26
942 1068 59
52 186 0
186 500 70
500 774 52
497 1159 45
498 1159 60
1068 1159 55
774 1159 59
1159 1240 69
1240 1364 96
1364 1564 33
1564 1827 41
1827 2033 23
2033 2168 87
2168 2259 65
1364 1565 0
1565 1828 17
1828 2034 51
2034 2169 99
2169 2260 68
1364 1566 0
1566 1829 63
1829 2035 87
2035 2170 48
2170 2261 33
1364 1567 0
1567 1830 28
2259 2316 21
2260 2316 51
2261 2316 48
1830 2316 75
9 53 0
53 188 91
188 502 20
502 775 44
775 943 86
53 189 0
189 503 83
503 776 52
776 944 82
53 190 0
190 504 13
504 777 87
943 1069 23
944 1069 64
777 1069 14
1069 1160 31
1160 1241 55
1241 1366 10
1366 1570 82
1570 1832 65
1832 2036 64
2036 2171 65
1241 1367 0
1367 1571 74
1571 1833 48
1833 2037 83
2171 2262 42
2037 2262 79
52 187 0
1240 1365 0
1364 1568 0
53 191 0
187 501 60
1365 1569 45
1568 1831 27
191 505 66
2262 2317 61
10 54 50
54 192 54
192 506 100
54 193 0
193 507 76
507 778 82
778 945 25
506 1070 20
945 1070 23
1070 1161 76
1161 1242 41
1242 1368 51
1368 1572 86
1572 1834 85
1834 2038 58
1242 1369 0
1369 1573 54
1242 1370 0
1370 1574 43
1242 1371 0
1371 1575 77
1575 1835 19
1835 2039 68
2039 2172 34
1242 1372 0
1372 1576 68
1576 1836 22
1836 2040 72
2038 2263 64
1573 2263 22
1574 2263 39
2172 2263 54
2040 2263 73
10 55 0
55 195 31
195 509 43
55 196 0
196 510 56
510 779 91
779 946 52
55 197 0
197 511 50
511 780 93
780 947 92
947 1071 92
509 1162 17
946 1162 14
1071 1162 31
1162 1244 96
1244 1375 72
1375 1578 100
1578 1837 11
1375 1579 0
1579 1838 50
1838 2041 84
2041 2173 36
2173 2264 17
1837 2318 15
2264 2318 17
54 194 0
1161 1243 0
1242 1373 0
55 198 0
194 508 86
1243 1374 14
1373 1577 63
198 512 30
2318 2347 10
11 56 49
56 199 91
199 513 57
513 781 33
781 948 54
56 200 0
200 514 18
514 782 89
56 201 0
201 515 11
56 202 0
202 516 47
516 783 10
783 949 93
948 1072 84
782 1072 38
515 1072 10
949 1072 21
1072 1163 28
1163 1245 77
1245 1376 68
1376 1580 51
1580 1839 100
1839 2042 24
1245 1377 0
1377 1581 32
1581 1840 64
2042 2174 87
1840 2174 65
11 57 0
57 204 92
204 518 100
518 784 93
57 205 0
205 519 15
519 785 52
57 206 0
206 520 25
784 950 18
785 950 10
520 950 69
950 1073 40
1073 1164 89
1164 1247 75
1247 1380 83
1380 1583 80
1583 1841 27
1164 1248 0
1248 1381 34
1381 1584 89
1841 2043 56
1584 2043 23
56 203 0
1163 1246 0
1245 1378 0
57 207 0
203 517 24
1246 1379 85
1378 1582 58
207 521 42
2043 2175 86
12 58 87
58 208 51
208 522 91
522 786 57
786 951 49
951 1074 99
58 209 0
209 523 54
58 210 0
210 524 63
524 787 35
787 952 36
952 1075 25
58 211 0
211 525 77
525 788 95
788 953 20
953 1076 78
58 212 0
212 526 40
526 789 38
789 954 93
1074 1165 31
523 1165 13
1075 1165 32
1076 1165 48
954 1165 52
1165 1249 58
1249 1382 35
1382 1585 90
1585 1842 33
1382 1586 0
1586 1843 21
1843 2044 45
1382 1587 0
1587 1844 34
1844 2045 48
2045 2176 12
1842 2265 21
2044 2265 35
2176 2265 89
12 59 0
59 214 78
214 528 48
59 215 0
215 529 77
529 790 40
790 955 60
59 216 0
216 530 25
530 791 71
791 956 77
59 217 0
217 531 100
59 218 0
218 532 25
532 792 75
792 957 24
528 1077 80
955 1077 12
956 1077 62
531 1077 28
957 1077 53
1077 1166 45
1166 1250 21
1250 1384 65
1384 1590 58
1590 1846 83
1846 2046 64
1250 1385 0
1385 1591 44
1591 1847 31
1847 2047 32
2047 2177 63
1250 1386 0
1386 1592 44
1592 1848 95
1848 2048 71
2046 2266 72
2177 2266 82
2048 2266 69
58 213 0
1249 1383 0
1382 1588 0
59 219 0
213 527 42
1383 1589 65
1588 1845 34
219 533 50
2266 2319 42
13 60 86
60 220 63
220 534 50
534 793 46
793 958 18
958 1078 68
60 221 0
221 535 57
535 794 49
794 959 11
959 1079 35
60 222 0
222 536 59
1078 1167 23
1079 1167 21
536 1167 55
1167 1251 98
1251 1387 39
1387 1593 97
1593 1849 66
1387 1594 0
1594 1850 52
1850 2049 61
1387 1595 0
1595 1851 21
1849 2178 17
2049 2178 61
1851 2178 93
13 61 0
61 224 96
224 538 68
538 795 63
61 225 0
225 539 79
539 796 51
61 226 0
226 540 96
61 227 0
227 541 38
541 797 56
797 960 65
61 228 0
228 542 42
542 798 94
798 961 69
795 1080 93
796 1080 25
540 1080 64
960 1080 61
961 1080 81
1080 1168 33
1168 1252 55
1252 1389 65
1389 1598 23
1598 1853 36
1853 2050 53
1252 1390 0
1390 1599 77
1599 1854 96
1854 2051 45
2051 2179 72
1252 1391 0
1391 1600 38
1600 1855 12
1252 1392 0
1392 1601 57
1601 1856 54
2050 2267 32
2179 2267 79
1855 2267 56
1856 2267 65
60 223 0
1251 1388 0
1387 1596 0
61 229 0
223 537 99
1388 1597 86
1596 1852 93
229 543 60
2267 2320 94
14 62 91
62 230 10
230 544 10
544 799 97
62 231 0
231 545 72
545 800 63
800 962 58
62 232 0
232 546 22
546 801 96
801 963 34
62 233 0
233 547 13
547 802 45
802 964 23
964 1081 36
799 1169 15
962 1169 85
963 1169 62
1081 1169 47
1169 1253 75
1253 1393 40
1393 1602 34
1602 1857 46
1857 2052 27
2052 2180 93
2180 2268 63
1393 1603 0
1603 1858 10
1393 1604 0
1604 1859 89
1859 2053 17
2053 2181 64
1393 1605 0
1605 1860 80
1860 2054 19
2054 2182 75
2182 2269 100
2268 2321 61
1858 2321 62
2181 2321 91
2269 2321 32
14 63 0
63 235 89
235 549 31
549 803 71
803 965 51
63 236 0
236 550 23
63 237 0
237 551 46
551 804 37
804 966 29
965 1082 43
550 1082 54
966 1082 62
1082 1170 75
1170 1254 61
1254 1395 25
1395 1608 43
1254 1396 0
1396 1609 88
1254 1397 0
1397 1610 19
1254 1398 0
1398 1611 78
1611 1862 17
1862 2055 33
2055 2183 67
1254 1399 0
1399 1612 95
1612 1863 58
1608 2270 11
1609 2270 97
1610 2270 15
2183 2270 98
1863 2270 52
62 234 0
1253 1394 0
1393 1606 0
63 238 0
234 548 12
1394 1607 76
1606 1861 24
238 552 74
2270 2322 17
15 64 28
64 239 53
239 553 82
553 805 36
805 967 82
967 1083 35
64 240 0
240 554 43
554 806 21
806 968 16
968 1084 31
1083 1171 48
1084 1171 19
1171 1255 82
1255 1400 38
1400 1613 75
1613 1864 88
1400 1614 0
1614 1865 67
1865 2056 29
2056 2184 24
2184 2271 73
1400 1615 0
1615 1866 27
1864 2323 12
2271 2323 13
1866 2323 86
15 65 0
65 242 73
242 556 40
556 807 97
65 243 0
243 557 38
557 808 74
808 969 39
807 1085 56
969 1085 66
1085 1172 27
1172 1256 29
1256 1402 44
1402 1618 88
1618 1868 45
1868 2057 66
1256 1403 0
1403 1619 44
1619 1869 37
1869 2058 31
2058 2185 17
1256 1404 0
1404 1620 98
1620 1870 66
1256 1405 0
1405 1621 64
1621 1871 91
1256 1406 0
1406 1622 92
1622 1872 21
1872 2059 68
2057 2272 34
2185 2272 43
1870 2272 30
1871 2272 69
2059 2272 70
64 241 0
1255 1401 0
1400 1616 0
65 244 0
241 555 85
1401 1617 30
1616 1867 32
244 558 43
2272 2324 81
16 66 95
66 245 34
245 559 32
559 809 66
809 970 60
970 1086 61
66 246 0
246 560 64
560 810 90
66 247 0
247 561 53
66 248 0
248 562 98
562 811 11
811 971 59
971 1087 50
1086 1173 37
810 1173 16
561 1173 23
1087 1173 49
1173 1257 31
1257 1407 18
1407 1623 26
1623 1873 28
1873 2060 84
2060 2186 10
1407 1624 0
1624 1874 24
1874 2061 57
2061 2187 47
2186 2273 93
2187 2273 27
16 67 0
67 250 12
250 564 67
564 812 37
67 251 0
251 565 94
565 813 53
67 252 0
252 566 50
566 814 16
814 972 96
972 1088 47
67 253 0
253 567 36
567 815 73
815 973 92
812 1174 19
813 1174 43
1088 1174 37
973 1174 18
1174 1258 49
1258 1409 82
1409 1627 77
1627 1876 98
1876 2062 41
2062 2188 68
2188 2274 55
1409 1628 0
1628 1877 34
1877 2063 66
1409 1629 0
1629 1878 57
1878 2064 80
2274 2325 16
2063 2325 46
2064 2325 35
66 249 0
1257 1408 0
1407 1625 0
67 254 0
249 563 72
1408 1626 56
1625 1875 29
254 568 43
2325 2348 22
17 68 97
68 255 72
255 569 65
68 256 0
256 570 74
570 816 58
816 974 75
68 257 0
257 571 73
571 817 14
817 975 10
975 1089 66
569 1175 16
974 1175 47
1089 1175 64
1175 1259 63
1259 1410 51
1410 1630 67
1630 1879 32
1410 1631 0
1631 1880 71
1880 2065 83
1879 2189 81
2065 2189 71
17 69 0
69 259 19
259 573 22
573 818 70
818 976 47
976 1090 94
69 260 0
260 574 87
574 819 28
69 261 0
261 575 97
575 820 61
820 977 33
69 262 0
262 576 54
69 263 0
263 577 55
577 821 100
821 978 95
978 1091 47
1090 1176 84
819 1176 22
977 1176 44
576 1176 48
1091 1176 82
1176 1260 79
1260 1412 92
1412 1634 84
1634 1882 33
1882 2066 28
1412 1635 0
1635 1883 15
1883 2067 40
2067 2190 95
2190 2275 87
1412 1636 0
1636 1884 98
1884 2068 65
2068 2191 74
2191 2276 85
1412 1637 0
1637 1885 56
1885 2069 90
1412 1638 0
1638 1886 41
1886 2070 87
2070 2192 22
2192 2277 36
2066 2326 40
2275 2326 49
2276 2326 88
2069 2326 79
2277 2326 96
68 258 0
1259 1411 0
1410 1632 0
69 264 0
258 572 59
1411 1633 18
1632 1881 95
264 578 51
2326 2349 60
18 70 64
70 265 84
265 579 58
579 822 66
822 979 39
979 1092 79
70 266 0
266 580 30
70 267 0
267 581 66
581 823 44
70 268 0
268 582 83
582 824 15
1092 1177 37
580 1177 69
823 1177 37
824 1177 31
1177 1261 17
1261 1413 59
1413 1639 66
1639 1887 68
1887 2071 47
2071 2193 97
1413 1640 0
1640 1888 72
1413 1641 0
1641 1889 15
1889 2072 85
2072 2194 32
2194 2278 75
1413 1642 0
1642 1890 82
1890 2073 20
2073 2195 63
2195 2279 75
1413 1643 0
1643 1891 87
1891 2074 70
2074 2196 36
2193 2327 87
1888 2327 68
2278 2327 75
2279 2327 14
2196 2327 39
18 71 0
71 270 84
270 584 13
584 825 57
71 271 0
271 585 34
585 826 14
826 980 74
980 1093 28
71 272 0
272 586 64
586 827 13
827 981 97
981 1094 48
71 273 0
273 587 34
587 828 68
828 982 81
982 1095 60
71 274 0
274 588 17
588 829 38
829 983 97
825 1178 28
1093 1178 94
1094 1178 21
1095 1178 40
983 1178 92
1178 1262 35
1262 1415 94
1415 1646 42
1646 1893 67
1415 1647 0
1647 1894 43
1894 2075 82
2075 2197 53
1893 2280 59
2197 2280 44
70 269 0
1261 1414 0
1413 1644 0
71 275 0
269 583 38
1414 1645 35
1644 1892 75
275 589 41
2280 2328 19
19 72 51
72 276 12
276 590 39
590 830 55
830 984 99
984 1096 73
72 277 0
277 591 84
591 831 98
72 278 0
278 592 88
592 832 61
832 985 37
72 279 0
279 593 21
593 833 56
833 986 90
986 1097 74
1096 1179 100
831 1179 82
985 1179 83
1097 1179 36
1179 1263 75
1263 1416 76
1416 1648 45
1648 1895 67
1895 2076 22
2076 2198 32
2198 2281 34
1416 1649 0
1649 1896 28
1416 1650 0
1650 1897 25
1416 1651 0
1651 1898 81
1416 1652 0
1652 1899 78
2281 2329 16
1896 2329 11
1897 2329 89
1898 2329 28
1899 2329 14
19 73 0
73 281 70
281 595 53
73 282 0
282 596 97
596 834 84
834 987 28
987 1098 33
595 1180 34
1098 1180 70
1180 1264 37
1264 1418 29
1418 1655 48
1655 1901 27
1418 1656 0
1656 1902 95
1902 2077 32
1901 2199 57
2077 2199 48
72 280 0
1263 1417 0
1416 1653 0
73 283 0
280 594 83
1417 1654 47
1653 1900 33
283 597 91
2199 2282 65
20 74 93
74 284 27
284 598 67
598 835 76
74 285 0
285 599 18
599 836 84
836 988 25
74 286 0
286 600 38
600 837 72
837 989 20
989 1099 45
74 287 0
287 601 92
601 838 81
838 990 77
74 288 0
288 602 93
602 839 21
839 991 88
835 1181 27
988 1181 51
1099 1181 67
990 1181 46
991 1181 39
1181 1265 67
1265 1419 41
1419 1657 82
1657 1903 32
1419 1658 0
1658 1904 61
1904 2078 52
2078 2200 21
2200 2283 82
1419 1659 0
1659 1905 80
1419 1660 0
1660 1906 51
1906 2079 55
2079 2201 70
1903 2330 17
2283 2330 70
1905 2330 83
2201 2330 75
20 75 0
75 290 71
290 604 61
604 840 59
840 992 33
75 291 0
291 605 43
605 841 46
75 292 0
292 606 87
75 293 0
293 607 31
607 842 85
842 993 96
993 1100 23
75 294 0
294 608 67
608 843 78
843 994 54
994 1101 38
992 1182 37
841 1182 15
606 1182 14
1100 1182 30
1101 1182 42
1182 1266 51
1266 1421 91
1421 1663 73
1663 1908 63
1908 2080 16
1421 1664 0
1664 1909 77
1909 2081 61
2081 2202 74
2202 2284 65
1421 1665 0
1665 1910 92
1910 2082 51
2080 2331 99
2284 2331 14
2082 2331 58
74 289 0
1265 1420 0
1419 1661 0
75 295 0
289 603 100
1420 1662 34
1661 1907 76
295 609 89
2331 2350 53
21 76 75
76 296 95
296 610 13
76 297 0
297 611 29
611 844 28
844 995 45
76 298 0
298 612 12
612 845 27
845 996 97
996 1102 55
610 1183 18
995 1183 41
1102 1183 40
1183 1267 26
1267 1422 36
1422 1666 86
1666 1911 82
1422 1667 0
1667 1912 79
1912 2083 63
2083 2203 90
2203 2285 91
1422 1668 0
1668 1913 94
1913 2084 81
1422 1669 0
1669 1914 84
1914 2085 29
2085 2204 63
2204 2286 44
1911 2332 31
2285 2332 64
2084 2332 66
2286 2332 38
21 77 0
77 300 39
300 614 83
614 846 25
846 997 59
997 1103 24
77 301 0
301 615 87
77 302 0
302 616 55
616 847 85
847 998 79
77 303 0
303 617 33
617 848 10
848 999 13
1103 1184 63
615 1184 76
998 1184 79
999 1184 48
1184 1268 58
1268 1424 20
1424 1672 52
1672 1916 16
1916 2086 52
2086 2205 92
2205 2287 25
1424 1673 0
1673 1917 74
1917 2087 100
2087 2206 37
2287 2333 40
2206 2333 29
76 299 0
1267 1423 0
1422 1670 0
77 304 0
299 613 27
1423 1671 79
1670 1915 29
304 618 92
2333 2351 75
22 78 65
78 305 76
305 619 39
619 849 97
78 306 0
306 620 61
620 850 75
850 1000 28
1000 1104 84
78 307 0
307 621 38
621 851 60
851 1001 16
78 308 0
308 622 17
622 852 77
852 1002 27
1002 1105 77
78 309 0
309 623 20
623 853 12
849 1185 99
1104 1185 88
1001 1185 36
1105 1185 43
853 1185 70
1185 1269 85
1269 1425 51
1425 1674 63
1674 1918 26
1425 1675 0
1675 1919 26
1919 2088 97
1425 1676 0
1676 1920 55
1920 2089 76
2089 2207 48
1425 1677 0
1677 1921 64
1921 2090 68
2090 2208 48
1425 1678 0
1678 1922 85
1918 2288 89
2088 2288 49
2207 2288 36
2208 2288 69
1922 2288 66
22 79 0
79 311 12
311 625 33
625 854 16
79 312 0
312 626 46
626 855 27
855 1003 99
79 313 0
313 627 39
627 856 47
856 1004 96
79 314 0
314 628 82
79 315 0
315 629 36
629 857 63
857 1005 84
854 1106 82
1003 1106 65
1004 1106 26
628 1106 27
1005 1106 23
1106 1186 25
1186 1270 27
1270 1427 49
1427 1681 83
1681 1924 68
1270 1428 0
1428 1682 52
1682 1925 91
1270 1429 0
1429 1683 30
1924 2091 42
1925 2091 40
1683 2091 40
78 310 0
1269 1426 0
1425 1679 0
79 316 0
310 624 88
1426 1680 76
1679 1923 39
316 630 34
2091 2209 42
23 80 17
80 317 78
317 631 13
631 858 26
80 318 0
318 632 46
632 859 23
80 319 0
319 633 88
633 860 10
80 320 0
320 634 54
634 861 99
861 1006 59
858 1107 51
859 1107 38
860 1107 87
1006 1107 56
1107 1187 49
1187 1271 25
1271 1430 20
1430 1684 42
1684 1926 45
1271 1431 0
1431 1685 38
1685 1927 87
1927 2092 24
1271 1432 0
1432 1686 42
1686 1928 96
1928 2093 51
1271 1433 0
1433 1687 59
1687 1929 86
1271 1434 0
1434 1688 48
1926 2210 43
2092 2210 99
2093 2210 70
1929 2210 51
1688 2210 94
23 81 0
81 322 24
322 636 82
636 862 28
862 1007 20
1007 1108 80
81 323 0
323 637 64
81 324 0
324 638 94
638 863 40
863 1008 94
1008 1109 61
1108 1188 63
637 1188 21
1109 1188 34
1188 1273 84
1273 1437 98
1437 1690 74
1690 1930 91
1930 2094 71
2094 2211 52
2211 2289 21
1437 1691 0
1691 1931 67
1931 2095 64
2095 2212 54
1437 1692 0
1692 1932 61
1932 2096 24
2289 2334 37
2212 2334 27
2096 2334 84
80 321 0
1187 1272 0
1271 1435 0
81 325 0
321 635 43
1272 1436 85
1435 1689 32
325 639 79
2334 2352 40
24 82 90
82 326 97
326 640 46
82 327 0
327 641 75
641 864 66
864 1009 92
82 328 0
328 642 83
642 865 87
82 329 0
329 643 80
643 866 68
866 1010 48
640 1110 95
1009 1110 64
865 1110 92
1010 1110 52
1110 1189 38
1189 1274 98
1274 1438 33
1438 1693 45
1274 1439 0
1439 1694 63
1694 1933 94
1693 2097 39
1933 2097 63
24 83 0
83 331 56
331 645 33
645 867 66
867 1011 91
1011 1111 80
83 332 0
332 646 22
83 333 0
333 647 40
647 868 42
868 1012 13
83 334 0
334 648 26
648 869 65
83 335 0
335 649 71
649 870 41
870 1013 48
1013 1112 93
1111 1190 28
646 1190 92
1012 1190 57
869 1190 52
1112 1190 35
1190 1276 87
1276 1442 43
1442 1696 86
1696 1934 55
1934 2098 52
2098 2213 69
2213 2290 24
1442 1697 0
1697 1935 95
1442 1698 0
1698 1936 65
1936 2099 59
2099 2214 74
1442 1699 0
1699 1937 63
1442 1700 0
1700 1938 74
1938 2100 85
2100 2215 27
2290 2335 90
1935 2335 25
2214 2335 24
1937 2335 98
2215 2335 40
82 330 0
1189 1275 0
1274 1440 0
83 336 0
330 644 95
1275 1441 51
1440 1695 75
336 650 58
2335 2353 35
25 84 38
84 337 34
337 651 54
84 338 0
338 652 55
652 871 91
84 339 0
339 653 52
653 872 83
872 1014 52
651 1113 64
871 1113 78
1014 1113 18
1113 1191 46
1191 1277 33
1277 1443 50
1443 1701 17
1701 1939 42
1939 2101 31
2101 2216 83
1277 1444 0
1444 1702 90
1702 1940 11
1277 1445 0
1445 1703 91
1703 1941 92
1277 1446 0
1446 1704 62
1704 1942 55
1942 2102 63
2102 2217 51
1277 1447 0
1447 1705 10
1705 1943 60
2216 2291 32
1940 2291 31
1941 2291 38
2217 2291 14
1943 2291 76
25 85 0
85 341 58
341 655 34
85 342 0
342 656 78
656 873 37
873 1015 57
1015 1114 41
85 343 0
343 657 48
657 874 38
874 1016 76
655 1192 24
1114 1192 92
1016 1192 72
1192 1279 89
1279 1450 26
1450 1707 33
1707 1944 96
1944 2103 51
2103 2218 55
2218 2292 81
1450 1708 0
1708 1945 67
1945 2104 15
2104 2219 43
1450 1709 0
1709 1946 42
1450 1710 0
1710 1947 22
1947 2105 37
1450 1711 0
1711 1948 11
1948 2106 57
2106 2220 93
2292 2336 12
2219 2336 75
1946 2336 62
2105 2336 48
2220 2336 69
84 340 0
1191 1278 0
1277 1448 0
85 344 0
340 654 35
1278 1449 14
1448 1706 59
344 658 31
2336 2354 27
26 86 11
86 345 74
345 659 43
659 875 36
86 346 0
346 660 20
86 347 0
347 661 95
661 876 23
876 1017 96
1017 1115 76
86 348 0
348 662 36
86 349 0
349 663 28
663 877 46
877 1018 65
875 1193 52
660 1193 73
1115 1193 19
662 1193 71
1018 1193 93
1193 1280 97
1280 1451 43
1451 1712 77
1712 1949 54
1949 2107 37
2107 2221 48
1451 1713 0
1713 1950 12
1950 2108 93
2108 2222 28
1451 1714 0
1714 1951 37
1951 2109 54
2109 2223 19
1451 1715 0
1715 1952 10
2221 2293 28
2222 2293 85
2223 2293 99
1952 2293 74
26 87 0
87 351 29
351 665 87
665 878 30
878 1019 24
1019 1116 25
87 352 0
352 666 60
1116 1194 93
666 1194 37
1194 1281 87
1281 1453 30
1453 1718 47
1718 1954 31
1954 2110 11
2110 2224 95
1453 1719 0
1719 1955 53
1955 2111 19
1453 1720 0
1720 1956 49
1956 2112 70
2112 2225 19
2225 2294 10
1453 1721 0
1721 1957 33
1957 2113 35
2113 2226 29
2226 2295 67
2224 2337 94
2111 2337 85
2294 2337 98
2295 2337 59
86 350 0
1280 1452 0
1451 1716 0
87 353 0
350 664 43
1452 1717 15
1716 1953 12
353 667 80
2337 2355 41
27 88 83
88 354 69
354 668 71
668 879 51
88 355 0
355 669 33
669 880 82
880 1020 60
88 356 0
356 670 81
88 357 0
357 671 84
671 881 19
881 1021 77
879 1117 97
1020 1117 32
670 1117 12
1021 1117 13
1117 1195 96
1195 1282 67
1282 1454 13
1454 1722 28
1722 1958 85
1958 2114 13
1282 1455 0
1455 1723 27
1723 1959 18
1959 2115 39
2114 2227 57
2115 2227 82
27 89 0
89 359 33
359 673 53
673 882 82
882 1022 33
1022 1118 74
89 360 0
360 674 48
674 883 91
89 361 0
361 675 41
675 884 41
884 1023 19
1023 1119 85
89 362 0
362 676 31
676 885 96
885 1024 74
1024 1120 56
1118 1196 51
883 1196 52
1119 1196 36
1120 1196 19
1196 1284 23
1284 1458 80
1458 1725 54
1725 1960 84
1458 1726 0
1726 1961 87
1961 2116 78
2116 2228 24
2228 2296 89
1960 2338 55
2296 2338 64
88 358 0
1195 1283 0
1282 1456 0
89 363 0
358 672 37
1283 1457 59
1456 1724 95
363 677 22
2338 2356 75
28 90 55
90 364 43
364 678 52
90 365 0
365 679 48
679 886 16
90 366 0
366 680 100
680 887 27
678 1025 16
886 1025 16
887 1025 33
1025 1121 54
1121 1197 13
1197 1285 50
1285 1459 13
1459 1727 100
1727 1962 100
1197 1286 0
1286 1460 85
1460 1728 48
1728 1963 98
1197 1287 0
1287 1461 53
1197 1288 0
1288 1462 25
1462 1729 73
1962 2117 77
1963 2117 67
1461 2117 82
1729 2117 75
28 91 0
91 368 16
368 682 54
682 888 71
888 1026 63
91 369 0
369 683 30
683 889 62
1026 1122 100
889 1122 72
1122 1199 44
1199 1291 49
1291 1464 93
1464 1730 51
1291 1465 0
1465 1731 59
1291 1466 0
1466 1732 76
1732 1964 92
1291 1467 0
1467 1733 65
1733 1965 90
1965 2118 81
2118 2229 33
1730 2297 39
1731 2297 71
1964 2297 26
2229 2297 74
90 367 0
1121 1198 0
1197 1289 0
91 370 0
367 681 79
1198 1290 75
1289 1463 74
370 684 25
2297 2339 85
29 92 89
92 371 29
371 685 30
685 890 40
890 1027 23
92 372 0
372 686 95
1027 1123 13
686 1123 13
1123 1200 35
1200 1292 84
1292 1468 84
1468 1734 12
1734 1966 42
1966 2119 91
2119 2230 11
1292 1469 0
1469 1735 94
1735 1967 61
1292 1470 0
1470 1736 45
1736 1968 100
1968 2120 27
2120 2231 96
1292 1471 0
1471 1737 66
1737 1969 96
1969 2121 51
2230 2298 20
1967 2298 50
2231 2298 12
2121 2298 22
29 93 0
93 374 49
374 688 13
688 891 45
93 375 0
375 689 53
93 376 0
376 690 33
690 892 58
892 1028 75
1028 1124 25
93 377 0
377 691 23
691 893 45
893 1029 43
1029 1125 15
891 1201 53
689 1201 13
1124 1201 51
1125 1201 74
1201 1294 29
1294 1474 97
1474 1739 48
1739 1970 68
1970 2122 94
2122 2232 52
2232 2299 49
1474 1740 0
1740 1971 53
1971 2123 40
2123 2233 17
2233 2300 60
1474 1741 0
1741 1972 66
1972 2124 69
2124 2234 67
1474 1742 0
1742 1973 21
1973 2125 62
2299 2340 87
2300 2340 50
2234 2340 88
2125 2340 53
92 373 0
1200 1293 0
1292 1472 0
93 378 0
373 687 71
1293 1473 42
1472 1738 39
378 692 63
2340 2357 28
30 94 31
94 379 46
379 693 42
693 894 16
94 380 0
380 694 87
894 1030 71
694 1030 37
1030 1126 29
1126 1202 35
1202 1295 15
1295 1475 93
1475 1743 94
1202 1296 0
1296 1476 70
1743 1974 50
1476 1974 72
30 95 0
95 382 48
382 696 76
696 895 32
895 1031 23
1031 1127 82
95 383 0
383 697 64
697 896 53
896 1032 58
1032 1128 37
95 384 0
384 698 64
95 385 0
385 699 42
699 897 58
897 1033 23
95 386 0
386 700 56
700 898 57
898 1034 76
1034 1129 34
1127 1204 43
1128 1204 30
698 1204 36
1033 1204 50
1129 1204 82
1204 1299 12
1299 1478 74
1478 1744 54
1744 1975 95
1975 2126 99
2126 2235 46
1478 1745 0
1745 1976 18
1976 2127 12
2235 2301 47
2127 2301 45
94 381 0
1126 1203 0
1202 1297 0
95 387 0
381 695 72
1203 1298 24
1297 1477 96
387 701 26
2301 2341 64
31 96 57
96 388 57
388 702 61
702 899 83
96 389 0
389 703 98
703 900 62
900 1035 96
1035 1130 37
96 390 0
390 704 100
704 901 69
901 1036 13
96 391 0
391 705 25
705 902 29
902 1037 51
899 1205 97
1130 1205 74
1036 1205 73
1037 1205 32
1205 1300 26
1300 1479 73
1479 1746 87
1746 1977 19
1977 2128 77
2128 2236 88
1479 1747 0
1747 1978 12
1978 2129 45
1479 1748 0
1748 1979 67
1979 2130 86
2130 2237 73
2237 2302 25
1479 1749 0
1749 1980 24
1980 2131 43
2131 2238 27
1479 1750 0
1750 1981 96
2236 2342 75
2129 2342 21
2302 2342 82
2238 2342 57
1981 2342 14
31 97 0
97 393 90
393 707 47
707 903 90
903 1038 31
97 394 0
394 708 59
708 904 32
904 1039 97
1038 1131 19
1039 1131 89
1131 1206 49
1206 1301 25
1301 1481 78
1481 1753 82
1301 1482 0
1482 1754 35
1754 1983 48
1983 2132 98
1301 1483 0
1483 1755 58
1755 1984 55
1301 1484 0
1484 1756 91
1756 1985 41
1301 1485 0
1485 1757 77
1757 1986 63
1753 2239 93
2132 2239 56
1984 2239 15
1985 2239 17
1986 2239 46
96 392 0
1300 1480 0
1479 1751 0
97 395 0
392 706 18
1480 1752 43
1751 1982 43
395 709 18
2239 2303 44
32 98 46
98 396 82
396 710 18
710 905 22
905 1040 21
98 397 0
397 711 11
98 398 0
398 712 81
712 906 54
98 399 0
399 713 29
98 400 0
400 714 61
714 907 83
907 1041 43
1041 1132 74
1040 1207 45
711 1207 60
906 1207 60
713 1207 96
1132 1207 38
1207 1302 37
1302 1486 84
1486 1758 31
1758 1987 27
1987 2133 80
1486 1759 0
1759 1988 78
1988 2134 52
2134 2240 13
2240 2304 33
1486 1760 0
1760 1989 27
1486 1761 0
1761 1990 84
1990 2135 63
2135 2241 79
2241 2305 69
2133 2343 71
2304 2343 30
1989 2343 91
2305 2343 93
32 99 0
99 402 61
402 716 25
99 403 0
403 717 59
717 908 87
908 1042 51
1042 1133 56
99 404 0
404 718 91
99 405 0
405 719 70
719 909 33
909 1043 36
1043 1134 75
716 1208 14
1133 1208 70
718 1208 73
1134 1208 12
1208 1303 98
1303 1488 36
1488 1764 22
1764 1992 19
1488 1765 0
1765 1993 13
1993 2136 13
1488 1766 0
1766 1994 98
1994 2137 32
2137 2242 59
2242 2306 36
1488 1767 0
1767 1995 97
1995 2138 86
2138 2243 36
2243 2307 60
1488 1768 0
1768 1996 54
1996 2139 49
1992 2344 78
2136 2344 29
2306 2344 63
2307 2344 82
2139 2344 88
98 401 0
1302 1487 0
1486 1762 0
99 406 0
401 715 66
1487 1763 14
1762 1991 46
406 720 32
2344 2358 22
33 100 42
100 407 95
407 721 28
721 910 81
910 1044 79
100 408 0
408 722 73
100 409 0
409 723 89
723 911 19
911 1045 80
1044 1135 51
722 1135 43
1045 1135 32
1135 1209 90
1209 1304 84
1304 1489 33
1489 1769 17
1304 1490 0
1490 1770 60
1769 1997 46
1770 1997 48
33 101 0
101 411 42
411 725 97
725 912 62
912 1046 53
1046 1136 52
101 412 0
412 726 33
726 913 43
913 1047 100
1047 1137 49
101 413 0
413 727 80
727 914 10
101 414 0
414 728 70
1136 1210 29
1137 1210 36
914 1210 36
728 1210 96
1210 1306 67
1306 1493 72
1493 1772 36
1772 1998 60
1493 1773 0
1773 1999 20
1998 2140 38
1999 2140 20
100 410 0
1209 1305 0
1304 1491 0
101 415 0
410 724 59
1305 1492 88
1491 1771 48
415 729 49
2140 2244 23
2309 2359 63
2247 2359 39
2345 2359 15
2311 2359 29
2346 2359 32
2314 2359 37
2256 2359 26
2315 2359 100
2167 2359 17
2317 2359 76
2347 2359 47
2175 2359 61
2319 2359 94
2320 2359 16
2322 2359 16
2324 2359 65
2348 2359 86
2349 2359 33
2328 2359 84
2282 2359 37
2350 2359 94
2351 2359 98
2209 2359 98
2352 2359 73
2353 2359 53
2354 2359 62
2355 2359 74
2356 2359 49
2339 2359 14
2357 2359 97
2341 2359 61
2303 2359 24
2358 2359 34
2244 2359 80
