2360 2704
0 34 61
34 102 26
102 416 46
416 730 16
730 915 84
915 1048 18
34 103 0
103 417 38
34 104 0
104 418 46
418 731 98
731 916 78
916 1049 27
34 105 0
105 419 23
419 732 99
732 917 50
34 106 0
106 420 77
1048 1138 11
417 1138 20
1049 1138 14
917 1138 20
420 1138 46
1138 1211 41
1211 1307 58
1307 1494 30
1494 1774 61
1774 2000 50
2000 2141 75
1307 1495 0
1495 1775 69
1775 2001 45
2001 2142 69
2142 2245 11
1307 1496 0
1496 1776 61
1776 2002 67
2002 2143 12
2141 2308 33
2245 2308 38
2143 2308 73
0 35 0
35 108 69
108 422 18
35 109 0
109 423 61
423 733 41
733 918 22
422 1050 47
918 1050 76
1050 1139 93
1139 1212 12
1212 1309 11
1309 1499 20
1499 1778 78
1212 1310 0
1310 1500 55
1212 1311 0
1311 1501 23
1212 1312 0
1312 1502 60
1502 1779 69
1779 2003 77
2003 2144 52
1212 1313 0
1313 1503 65
1503 1780 68
1780 2004 25
1778 2246 82
1500 2246 78
1501 2246 71
2144 2246 21
2004 2246 35
34 107 0
1211 1308 0
1307 1497 0
35 110 0
107 421 75
1308 1498 16
1497 1777 89
110 424 29
2246 2309 38
1 36 56
36 111 52
111 425 91
425 734 45
36 112 0
112 426 90
36 113 0
113 427 96
427 735 73
36 114 0
114 428 21
734 919 71
426 919 75
735 919 55
428 919 14
919 1051 43
1051 1140 33
1140 1213 18
1213 1314 98
1314 1504 26
1504 1781 63
1781 2005 66
1140 1214 0
1214 1315 68
1315 1505 70
1505 1782 20
2005 2145 63
1782 2145 40
1 37 0
37 116 26
116 430 13
430 736 46
37 117 0
117 431 98
431 737 42
737 920 15
920 1052 71
37 118 0
118 432 30
37 119 0
119 433 46
736 1142 75
1052 1142 53
432 1142 82
433 1142 66
1142 1217 69
1217 1317 62
1317 1506 60
1506 1783 49
1783 2006 19
1317 1507 0
1507 1784 69
1317 1508 0
1508 1785 93
1785 2007 12
2006 2146 94
1784 2146 67
2007 2146 83
36 115 0
1051 1141 0
1140 1215 0
37 120 0
115 429 23
1141 1216 25
1215 1316 38
120 434 90
2146 2247 48
2 38 75
38 121 74
121 435 21
435 738 91
738 921 92
38 122 0
122 436 98
38 123 0
123 437 60
437 739 57
921 1053 24
436 1053 55
739 1053 12
1053 1143 96
1143 1218 48
1218 1318 96
1318 1509 50
1509 1786 39
1786 2008 64
2008 2147 86
1218 1319 0
1319 1510 50
1218 1320 0
1320 1511 19
1511 1787 17
1787 2009 75
1218 1321 0
1321 1512 71
1512 1788 62
1788 2010 59
2010 2148 98
2147 2248 81
1510 2248 70
2009 2248 46
2148 2248 75
2 39 0
39 125 20
125 439 47
39 126 0
126 440 92
440 740 80
740 922 100
922 1054 27
39 127 0
127 441 34
441 741 69
439 1144 57
1054 1144 80
741 1144 32
1144 1220 89
1220 1324 31
1324 1514 18
1514 1789 43
1789 2011 86
2011 2149 83
2149 2249 93
1324 1515 0
1515 1790 78
1790 2012 36
2012 2150 32
2150 2250 56
1324 1516 0
1516 1791 33
1791 2013 80
2013 2151 42
1324 1517 0
1517 1792 51
1324 1518 0
1518 1793 69
1793 2014 74
2014 2152 57
2249 2310 89
2250 2310 96
2151 2310 17
1792 2310 51
2152 2310 98
38 124 0
1143 1219 0
1218 1322 0
39 128 0
124 438 52
1219 1323 47
1322 1513 16
128 442 88
2310 2345 91
3 40 19
40 129 67
129 443 84
443 742 98
742 923 46
40 130 0
130 444 76
444 743 41
743 924 84
923 1055 84
924 1055 47
1055 1145 66
1145 1221 77
1221 1325 96
1325 1519 17
1221 1326 0
1326 1520 86
1520 1794 38
1794 2015 48
1221 1327 0
1327 1521 20
1521 1795 76
1221 1328 0
1328 1522 68
1221 1329 0
1329 1523 70
1519 2153 36
2015 2153 22
1795 2153 78
1522 2153 18
1523 2153 99
3 41 0
41 132 42
132 446 29
41 133 0
133 447 13
447 744 35
744 925 35
41 134 0
134 448 96
448 745 43
745 926 50
41 135 0
135 449 56
449 746 74
446 1056 13
925 1056 10
926 1056 23
746 1056 22
1056 1146 87
1146 1223 74
1223 1332 35
1332 1525 31
1525 1796 58
1223 1333 0
1333 1526 61
1526 1797 84
1797 2016 47
2016 2154 64
1796 2251 17
2154 2251 59
40 131 0
1145 1222 0
1221 1330 0
41 136 0
131 445 47
1222 1331 87
1330 1524 64
136 450 11
2251 2311 62
4 42 70
42 137 34
137 451 11
42 138 0
138 452 95
452 747 53
747 927 44
927 1057 24
42 139 0
139 453 89
453 748 55
451 1147 40
1057 1147 36
748 1147 95
1147 1224 40
1224 1334 25
1334 1527 31
1527 1798 50
1334 1528 0
1528 1799 19
1799 2017 38
2017 2155 64
2155 2252 37
1334 1529 0
1529 1800 66
1800 2018 24
2018 2156 56
1798 2312 86
2252 2312 80
2156 2312 59
4 43 0
43 141 27
141 455 61
43 142 0
142 456 86
456 749 16
749 928 34
928 1058 62
43 143 0
143 457 77
457 750 42
43 144 0
144 458 93
458 751 10
455 1148 21
1058 1148 60
750 1148 94
751 1148 66
1148 1225 54
1225 1336 39
1336 1532 41
1532 1802 68
1802 2019 30
2019 2157 65
1336 1533 0
1533 1803 52
1803 2020 28
2020 2158 11
1336 1534 0
1534 1804 62
1804 2021 63
2021 2159 19
2159 2253 53
1336 1535 0
1535 1805 32
2157 2313 62
2158 2313 96
2253 2313 69
1805 2313 66
42 140 0
1224 1335 0
1334 1530 0
43 145 0
140 454 76
1335 1531 97
1530 1801 36
145 459 92
2313 2346 48
5 44 49
44 146 32
146 460 89
44 147 0
147 461 93
461 752 15
752 929 96
44 148 0
148 462 57
462 753 92
753 930 72
930 1059 18
44 149 0
149 463 96
463 754 45
754 931 31
931 1060 69
44 150 0
150 464 93
464 755 13
755 932 30
460 1149 15
929 1149 47
1059 1149 15
1060 1149 24
932 1149 38
1149 1226 11
1226 1337 98
1337 1536 10
1536 1806 93
1337 1537 0
1537 1807 88
1807 2022 79
1337 1538 0
1538 1808 77
1808 2023 38
2023 2160 91
1806 2254 15
2022 2254 54
2160 2254 10
5 45 0
45 152 97
152 466 40
466 756 99
45 153 0
153 467 11
467 757 93
757 933 31
45 154 0
154 468 20
468 758 94
758 934 35
45 155 0
155 469 18
45 156 0
156 470 76
470 759 10
756 1061 74
933 1061 23
934 1061 99
469 1061 84
759 1061 42
1061 1150 78
1150 1227 80
1227 1339 96
1339 1541 91
1541 1810 53
1227 1340 0
1340 1542 32
1542 1811 28
1227 1341 0
1341 1543 33
1543 1812 72
1227 1342 0
1342 1544 16
1227 1343 0
1343 1545 86
1545 1813 41
1813 2024 71
2024 2161 98
1810 2255 54
1811 2255 98
1812 2255 98
1544 2255 85
2161 2255 34
44 151 0
1226 1338 0
1337 1539 0
45 157 0
151 465 55
1338 1540 63
1539 1809 91
157 471 50
2255 2314 67
6 46 70
46 158 79
158 472 84
472 760 68
46 159 0
159 473 84
473 761 69
761 935 80
46 160 0
160 474 94
760 1062 87
935 1062 75
474 1062 92
1062 1151 18
1151 1228 65
1228 1344 37
1344 1546 46
1546 1814 100
1814 2025 55
1228 1345 0
1345 1547 40
1547 1815 68
1228 1346 0
1346 1548 97
2025 2162 92
1815 2162 21
1548 2162 40
6 47 0
47 162 87
162 476 97
47 163 0
163 477 26
477 762 19
476 936 58
762 936 24
936 1063 98
1063 1152 52
1152 1230 81
1230 1349 22
1349 1550 35
1152 1231 0
1231 1350 65
1350 1551 24
1551 1816 63
1816 2026 33
1152 1232 0
1232 1351 28
1550 2163 100
2026 2163 92
1351 2163 18
46 161 0
1151 1229 0
1228 1347 0
47 164 0
161 475 64
1229 1348 33
1347 1549 51
164 478 78
2163 2256 99
7 48 50
48 165 33
165 479 72
479 763 77
48 166 0
166 480 96
480 764 57
48 167 0
167 481 51
481 765 48
48 168 0
168 482 32
482 766 65
766 937 92
763 1064 48
764 1064 68
765 1064 40
937 1064 54
1064 1153 11
1153 1233 25
1233 1352 53
1352 1552 13
1552 1817 87
1817 2027 11
1233 1353 0
1353 1553 47
1553 1818 11
1818 2028 44
2027 2164 83
2028 2164 43
7 49 0
49 170 94
170 484 35
49 171 0
171 485 81
49 172 0
172 486 97
486 767 29
767 938 32
49 173 0
173 487 89
49 174 0
174 488 39
488 768 72
484 1065 88
485 1065 54
938 1065 10
487 1065 67
768 1065 43
1065 1154 59
1154 1235 27
1235 1356 30
1356 1555 43
1555 1819 17
1235 1357 0
1357 1556 26
1556 1820 63
1820 2029 23
2029 2165 30
1235 1358 0
1358 1557 20
1557 1821 82
1821 2030 83
1819 2257 73
2165 2257 21
2030 2257 73
48 169 0
1153 1234 0
1233 1354 0
49 175 0
169 483 33
1234 1355 50
1354 1554 90
175 489 18
2257 2315 28
8 50 28
50 176 42
176 490 51
490 769 11
50 177 0
177 491 26
491 770 32
770 939 73
50 178 0
178 492 89
492 771 16
771 940 96
940 1066 56
769 1155 42
939 1155 39
1066 1155 74
1155 1236 76
1236 1359 21
1359 1558 47
1558 1822 15
1359 1559 0
1559 1823 12
1823 2031 35
2031 2166 94
1359 1560 0
1560 1824 31
1822 2258 51
2166 2258 29
1824 2258 27
8 51 0
51 180 10
180 494 57
51 181 0
181 495 67
494 772 94
495 772 24
772 941 28
941 1067 79
1067 1156 54
1156 1237 16
1237 1361 53
1067 1157 0
1157 1238 38
1238 1362 51
1067 1158 0
1158 1239 57
1239 1363 14
1363 1563 96
1563 1826 99
1361 2032 72
1362 2032 31
1826 2032 43
50 179 0
1236 1360 0
1359 1561 0
51 182 0
179 493 17
1360 1562 59
1561 1825 68
182 496 37
2032 2167 55
9 52 33
52 183 61
183 497 74
52 184 0
184 498 26
52 185 0
185 499 38
499 773 46
773 942 74
942 1068 66
52 186 0
186 500 35
500 774 97
497 1159 29
498 1159 31
1068 1159 15
774 1159 72
1159 1240 88
1240 1364 52
1364 1564 89
1564 1827 72
1827 2033 51
2033 2168 12
2168 2259 88
1364 1565 0
1565 1828 67
1828 2034 72
2034 2169 74
2169 2260 19
1364 1566 0
1566 1829 67
1829 2035 53
2035 2170 80
2170 2261 29
1364 1567 0
1567 1830 70
2259 2316 67
2260 2316 36
2261 2316 94
1830 2316 58
9 53 0
53 188 46
188 502 22
502 775 38
775 943 11
53 189 0
189 503 19
503 776 94
776 944 45
53 190 0
190 504 86
504 777 30
943 1069 74
944 1069 40
777 1069 81
1069 1160 96
1160 1241 71
1241 1366 48
1366 1570 14
1570 1832 90
1832 2036 23
2036 2171 23
1241 1367 0
1367 1571 55
1571 1833 61
1833 2037 52
2171 2262 15
2037 2262 57
52 187 0
1240 1365 0
1364 1568 0
53 191 0
187 501 72
1365 1569 33
1568 1831 94
191 505 52
2262 2317 23
10 54 36
54 192 92
192 506 57
54 193 0
193 507 51
507 778 95
778 945 45
506 1070 87
945 1070 73
1070 1161 17
1161 1242 23
1242 1368 49
1368 1572 23
1572 1834 88
1834 2038 84
1242 1369 0
1369 1573 19
1242 1370 0
1370 1574 45
1242 1371 0
1371 1575 50
1575 1835 10
1835 2039 86
2039 2172 46
1242 1372 0
1372 1576 46
1576 1836 92
1836 2040 50
2038 2263 13
1573 2263 79
1574 2263 38
2172 2263 73
2040 2263 86
10 55 0
55 195 95
195 509 48
55 196 0
196 510 91
510 779 11
779 946 94
55 197 0
197 511 21
511 780 90
780 947 74
947 1071 30
509 1162 55
946 1162 39
1071 1162 46
1162 1244 14
1244 1375 49
1375 1578 55
1578 1837 63
1375 1579 0
1579 1838 86
1838 2041 84
2041 2173 88
2173 2264 50
1837 2318 23
2264 2318 85
54 194 0
1161 1243 0
1242 1373 0
55 198 0
194 508 32
1243 1374 33
1373 1577 60
198 512 100
2318 2347 14
11 56 54
56 199 86
199 513 93
513 781 55
781 948 31
56 200 0
200 514 30
514 782 38
56 201 0
201 515 79
56 202 0
202 516 73
516 783 77
783 949 53
948 1072 57
782 1072 39
515 1072 71
949 1072 52
1072 1163 13
1163 1245 71
1245 1376 83
1376 1580 62
1580 1839 50
1839 2042 32
1245 1377 0
1377 1581 72
1581 1840 30
2042 2174 31
1840 2174 72
11 57 0
57 204 89
204 518 13
518 784 31
57 205 0
205 519 23
519 785 91
57 206 0
206 520 12
784 950 80
785 950 56
520 950 11
950 1073 91
1073 1164 98
1164 1247 43
1247 1380 86
1380 1583 52
1583 1841 18
1164 1248 0
1248 1381 31
1381 1584 96
1841 2043 54
1584 2043 75
56 203 0
1163 1246 0
1245 1378 0
57 207 0
203 517 38
1246 1379 23
1378 1582 59
207 521 13
2043 2175 39
12 58 39
58 208 26
208 522 61
522 786 18
786 951 54
951 1074 64
58 209 0
209 523 47
58 210 0
210 524 65
524 787 65
787 952 16
952 1075 18
58 211 0
211 525 33
525 788 84
788 953 42
953 1076 83
58 212 0
212 526 49
526 789 85
789 954 13
1074 1165 14
523 1165 87
1075 1165 22
1076 1165 85
954 1165 12
1165 1249 18
1249 1382 20
1382 1585 95
1585 1842 53
1382 1586 0
1586 1843 72
1843 2044 58
1382 1587 0
1587 1844 75
1844 2045 71
2045 2176 78
1842 2265 37
2044 2265 82
2176 2265 34
12 59 0
59 214 81
214 528 13
59 215 0
215 529 70
529 790 24
790 955 29
59 216 0
216 530 78
530 791 56
791 956 93
59 217 0
217 531 11
59 218 0
218 532 73
532 792 15
792 957 16
528 1077 95
955 1077 14
956 1077 21
531 1077 29
957 1077 78
1077 1166 82
1166 1250 92
1250 1384 43
1384 1590 59
1590 1846 77
1846 2046 13
1250 1385 0
1385 1591 28
1591 1847 45
1847 2047 20
2047 2177 99
1250 1386 0
1386 1592 27
1592 1848 26
1848 2048 60
2046 2266 14
2177 2266 62
2048 2266 100
58 213 0
1249 1383 0
1382 1588 0
59 219 0
213 527 40
1383 1589 64
1588 1845 91
219 533 24
2266 2319 75
13 60 29
60 220 53
220 534 88
534 793 65
793 958 96
958 1078 63
60 221 0
221 535 31
535 794 83
794 959 19
959 1079 43
60 222 0
222 536 81
1078 1167 76
1079 1167 12
536 1167 90
1167 1251 39
1251 1387 16
1387 1593 83
1593 1849 43
1387 1594 0
1594 1850 67
1850 2049 28
1387 1595 0
1595 1851 33
1849 2178 79
2049 2178 54
1851 2178 11
13 61 0
61 224 96
224 538 29
538 795 77
61 225 0
225 539 30
539 796 60
61 226 0
226 540 60
61 227 0
227 541 23
541 797 79
797 960 23
61 228 0
228 542 52
542 798 35
798 961 29
795 1080 26
796 1080 81
540 1080 98
960 1080 16
961 1080 69
1080 1168 95
1168 1252 54
1252 1389 48
1389 1598 12
1598 1853 72
1853 2050 98
1252 1390 0
1390 1599 42
1599 1854 63
1854 2051 32
2051 2179 10
1252 1391 0
1391 1600 64
1600 1855 86
1252 1392 0
1392 1601 67
1601 1856 23
2050 2267 48
2179 2267 79
1855 2267 32
1856 2267 38
60 223 0
1251 1388 0
1387 1596 0
61 229 0
223 537 21
1388 1597 64
1596 1852 18
229 543 40
2267 2320 40
14 62 33
62 230 56
230 544 69
544 799 22
62 231 0
231 545 62
545 800 13
800 962 89
62 232 0
232 546 69
546 801 56
801 963 24
62 233 0
233 547 94
547 802 81
802 964 18
964 1081 48
799 1169 61
962 1169 12
963 1169 75
1081 1169 48
1169 1253 57
1253 1393 19
1393 1602 15
1602 1857 67
1857 2052 51
2052 2180 53
2180 2268 33
1393 1603 0
1603 1858 65
1393 1604 0
1604 1859 78
1859 2053 98
2053 2181 72
1393 1605 0
1605 1860 57
1860 2054 26
2054 2182 70
2182 2269 51
2268 2321 29
1858 2321 85
2181 2321 60
2269 2321 20
14 63 0
63 235 84
235 549 84
549 803 61
803 965 65
63 236 0
236 550 25
63 237 0
237 551 60
551 804 82
804 966 83
965 1082 90
550 1082 10
966 1082 100
1082 1170 88
1170 1254 25
1254 1395 64
1395 1608 44
1254 1396 0
1396 1609 39
1254 1397 0
1397 1610 91
1254 1398 0
1398 1611 80
1611 1862 38
1862 2055 49
2055 2183 51
1254 1399 0
1399 1612 84
1612 1863 41
1608 2270 49
1609 2270 39
1610 2270 41
2183 2270 34
1863 2270 44
62 234 0
1253 1394 0
1393 1606 0
63 238 0
234 548 89
1394 1607 24
1606 1861 82
238 552 80
2270 2322 26
15 64 71
64 239 37
239 553 27
553 805 100
805 967 15
967 1083 85
64 240 0
240 554 84
554 806 25
806 968 23
968 1084 26
1083 1171 24
1084 1171 31
1171 1255 39
1255 1400 82
1400 1613 65
1613 1864 67
1400 1614 0
1614 1865 46
1865 2056 31
2056 2184 47
2184 2271 72
1400 1615 0
1615 1866 60
1864 2323 83
2271 2323 56
1866 2323 24
15 65 0
65 242 69
242 556 54
556 807 70
65 243 0
243 557 51
557 808 27
808 969 42
807 1085 40
969 1085 84
1085 1172 40
1172 1256 84
1256 1402 27
1402 1618 22
1618 1868 54
1868 2057 76
1256 1403 0
1403 1619 23
1619 1869 25
1869 2058 79
2058 2185 26
1256 1404 0
1404 1620 73
1620 1870 84
1256 1405 0
1405 1621 12
1621 1871 15
1256 1406 0
1406 1622 27
1622 1872 53
1872 2059 27
2057 2272 96
2185 2272 15
1870 2272 65
1871 2272 11
2059 2272 60
64 241 0
1255 1401 0
1400 1616 0
65 244 0
241 555 74
1401 1617 88
1616 1867 20
244 558 77
2272 2324 34
16 66 21
66 245 90
245 559 55
559 809 43
809 970 17
970 1086 65
66 246 0
246 560 38
560 810 100
66 247 0
247 561 75
66 248 0
248 562 23
562 811 13
811 971 66
971 1087 11
1086 1173 12
810 1173 91
561 1173 66
1087 1173 79
1173 1257 39
1257 1407 89
1407 1623 70
1623 1873 94
1873 2060 19
2060 2186 43
1407 1624 0
1624 1874 66
1874 2061 21
2061 2187 54
2186 2273 90
2187 2273 48
16 67 0
67 250 18
250 564 33
564 812 36
67 251 0
251 565 68
565 813 77
67 252 0
252 566 61
566 814 51
814 972 72
972 1088 63
67 253 0
253 567 17
567 815 44
815 973 100
812 1174 34
813 1174 49
1088 1174 47
973 1174 76
1174 1258 88
1258 1409 46
1409 1627 51
1627 1876 49
1876 2062 49
2062 2188 15
2188 2274 10
1409 1628 0
1628 1877 88
1877 2063 18
1409 1629 0
1629 1878 19
1878 2064 66
2274 2325 15
2063 2325 100
2064 2325 40
66 249 0
1257 1408 0
1407 1625 0
67 254 0
249 563 60
1408 1626 88
1625 1875 48
254 568 58
2325 2348 11
17 68 30
68 255 52
255 569 10
68 256 0
256 570 28
570 816 48
816 974 57
68 257 0
257 571 25
571 817 38
817 975 35
975 1089 31
569 1175 61
974 1175 76
1089 1175 51
1175 1259 26
1259 1410 42
1410 1630 38
1630 1879 98
1410 1631 0
1631 1880 46
1880 2065 84
1879 2189 48
2065 2189 90
17 69 0
69 259 37
259 573 62
573 818 29
818 976 95
976 1090 54
69 260 0
260 574 16
574 819 70
69 261 0
261 575 95
575 820 85
820 977 30
69 262 0
262 576 45
69 263 0
263 577 75
577 821 57
821 978 45
978 1091 93
1090 1176 92
819 1176 19
977 1176 88
576 1176 16
1091 1176 76
1176 1260 81
1260 1412 39
1412 1634 71
1634 1882 93
1882 2066 100
1412 1635 0
1635 1883 54
1883 2067 78
2067 2190 30
2190 2275 33
1412 1636 0
1636 1884 50
1884 2068 82
2068 2191 10
2191 2276 27
1412 1637 0
1637 1885 53
1885 2069 75
1412 1638 0
1638 1886 73
1886 2070 92
2070 2192 63
2192 2277 64
2066 2326 20
2275 2326 38
2276 2326 88
2069 2326 89
2277 2326 45
68 258 0
1259 1411 0
1410 1632 0
69 264 0
258 572 68
1411 1633 44
1632 1881 81
264 578 44
2326 2349 17
18 70 26
70 265 95
265 579 20
579 822 70
822 979 16
979 1092 36
70 266 0
266 580 76
70 267 0
267 581 60
581 823 97
70 268 0
268 582 55
582 824 17
1092 1177 98
580 1177 43
823 1177 49
824 1177 79
1177 1261 44
1261 1413 47
1413 1639 82
1639 1887 41
1887 2071 14
2071 2193 71
1413 1640 0
1640 1888 88
1413 1641 0
1641 1889 30
1889 2072 34
2072 2194 31
2194 2278 34
1413 1642 0
1642 1890 45
1890 2073 90
2073 2195 71
2195 2279 54
1413 1643 0
1643 1891 86
1891 2074 65
2074 2196 49
2193 2327 25
1888 2327 13
2278 2327 92
2279 2327 57
2196 2327 59
18 71 0
71 270 65
270 584 88
584 825 58
71 271 0
271 585 51
585 826 14
826 980 24
980 1093 21
71 272 0
272 586 26
586 827 25
827 981 72
981 1094 90
71 273 0
273 587 88
587 828 30
828 982 33
982 1095 78
71 274 0
274 588 37
588 829 20
829 983 68
825 1178 76
1093 1178 23
1094 1178 94
1095 1178 59
983 1178 34
1178 1262 81
1262 1415 40
1415 1646 17
1646 1893 33
1415 1647 0
1647 1894 48
1894 2075 58
2075 2197 26
1893 2280 94
2197 2280 75
70 269 0
1261 1414 0
1413 1644 0
71 275 0
269 583 24
1414 1645 91
1644 1892 16
275 589 97
2280 2328 90
19 72 93
72 276 38
276 590 72
590 830 50
830 984 73
984 1096 61
72 277 0
277 591 41
591 831 58
72 278 0
278 592 36
592 832 42
832 985 13
72 279 0
279 593 97
593 833 79
833 986 14
986 1097 49
1096 1179 29
831 1179 10
985 1179 94
1097 1179 83
1179 1263 43
1263 1416 74
1416 1648 20
1648 1895 82
1895 2076 55
2076 2198 68
2198 2281 30
1416 1649 0
1649 1896 13
1416 1650 0
1650 1897 52
1416 1651 0
1651 1898 90
1416 1652 0
1652 1899 15
2281 2329 17
1896 2329 73
1897 2329 100
1898 2329 20
1899 2329 82
19 73 0
73 281 51
281 595 78
73 282 0
282 596 51
596 834 76
834 987 19
987 1098 55
595 1180 79
1098 1180 87
1180 1264 79
1264 1418 11
1418 1655 32
1655 1901 86
1418 1656 0
1656 1902 46
1902 2077 47
1901 2199 58
2077 2199 62
72 280 0
1263 1417 0
1416 1653 0
73 283 0
280 594 14
1417 1654 57
1653 1900 83
283 597 97
2199 2282 34
20 74 81
74 284 93
284 598 53
598 835 39
74 285 0
285 599 14
599 836 88
836 988 23
74 286 0
286 600 43
600 837 92
837 989 76
989 1099 100
74 287 0
287 601 41
601 838 17
838 990 74
74 288 0
288 602 71
602 839 46
839 991 68
835 1181 25
988 1181 63
1099 1181 39
990 1181 86
991 1181 94
1181 1265 42
1265 1419 86
1419 1657 61
1657 1903 62
1419 1658 0
1658 1904 61
1904 2078 19
2078 2200 21
2200 2283 23
1419 1659 0
1659 1905 20
1419 1660 0
1660 1906 40
1906 2079 65
2079 2201 85
1903 2330 47
2283 2330 26
1905 2330 15
2201 2330 52
20 75 0
75 290 47
290 604 47
604 840 59
840 992 68
75 291 0
291 605 93
605 841 64
75 292 0
292 606 23
75 293 0
293 607 77
607 842 46
842 993 26
993 1100 71
75 294 0
294 608 68
608 843 31
843 994 41
994 1101 54
992 1182 25
841 1182 30
606 1182 64
1100 1182 90
1101 1182 98
1182 1266 40
1266 1421 31
1421 1663 80
1663 1908 10
1908 2080 79
1421 1664 0
1664 1909 44
1909 2081 37
2081 2202 56
2202 2284 17
1421 1665 0
1665 1910 30
1910 2082 100
2080 2331 47
2284 2331 71
2082 2331 12
74 289 0
1265 1420 0
1419 1661 0
75 295 0
289 603 61
1420 1662 65
1661 1907 21
295 609 76
2331 2350 92
21 76 40
76 296 16
296 610 94
76 297 0
297 611 64
611 844 46
844 995 11
76 298 0
298 612 58
612 845 71
845 996 72
996 1102 62
610 1183 77
995 1183 60
1102 1183 34
1183 1267 18
1267 1422 80
1422 1666 27
1666 1911 25
1422 1667 0
1667 1912 88
1912 2083 36
2083 2203 95
2203 2285 66
1422 1668 0
1668 1913 41
1913 2084 94
1422 1669 0
1669 1914 42
1914 2085 66
2085 2204 35
2204 2286 76
1911 2332 25
2285 2332 91
2084 2332 97
2286 2332 68
21 77 0
77 300 32
300 614 88
614 846 92
846 997 25
997 1103 34
77 301 0
301 615 70
77 302 0
302 616 64
616 847 13
847 998 70
77 303 0
303 617 78
617 848 76
848 999 77
1103 1184 65
615 1184 24
998 1184 21
999 1184 67
1184 1268 87
1268 1424 49
1424 1672 75
1672 1916 34
1916 2086 89
2086 2205 26
2205 2287 85
1424 1673 0
1673 1917 67
1917 2087 29
2087 2206 68
2287 2333 93
2206 2333 31
76 299 0
1267 1423 0
1422 1670 0
77 304 0
299 613 83
1423 1671 60
1670 1915 68
304 618 18
2333 2351 88
22 78 82
78 305 27
305 619 42
619 849 49
78 306 0
306 620 27
620 850 35
850 1000 61
1000 1104 14
78 307 0
307 621 56
621 851 31
851 1001 97
78 308 0
308 622 27
622 852 98
852 1002 72
1002 1105 86
78 309 0
309 623 42
623 853 68
849 1185 74
1104 1185 71
1001 1185 21
1105 1185 39
853 1185 15
1185 1269 47
1269 1425 52
1425 1674 90
1674 1918 31
1425 1675 0
1675 1919 66
1919 2088 15
1425 1676 0
1676 1920 28
1920 2089 40
2089 2207 20
1425 1677 0
1677 1921 30
1921 2090 82
2090 2208 17
1425 1678 0
1678 1922 19
1918 2288 53
2088 2288 80
2207 2288 40
2208 2288 98
1922 2288 66
22 79 0
79 311 38
311 625 64
625 854 91
79 312 0
312 626 56
626 855 74
855 1003 41
79 313 0
313 627 83
627 856 85
856 1004 38
79 314 0
314 628 17
79 315 0
315 629 11
629 857 82
857 1005 55
854 1106 77
1003 1106 33
1004 1106 22
628 1106 66
1005 1106 95
1106 1186 28
1186 1270 15
1270 1427 28
1427 1681 31
1681 1924 26
1270 1428 0
1428 1682 36
1682 1925 15
1270 1429 0
1429 1683 63
1924 2091 16
1925 2091 23
1683 2091 41
78 310 0
1269 1426 0
1425 1679 0
79 316 0
310 624 96
1426 1680 49
1679 1923 71
316 630 57
2091 2209 52
23 80 76
80 317 23
317 631 27
631 858 21
80 318 0
318 632 72
632 859 39
80 319 0
319 633 16
633 860 55
80 320 0
320 634 75
634 861 72
861 1006 75
858 1107 28
859 1107 29
860 1107 31
1006 1107 20
1107 1187 75
1187 1271 70
1271 1430 33
1430 1684 67
1684 1926 82
1271 1431 0
1431 1685 26
1685 1927 40
1927 2092 62
1271 1432 0
1432 1686 34
1686 1928 98
1928 2093 26
1271 1433 0
1433 1687 14
1687 1929 84
1271 1434 0
1434 1688 23
1926 2210 19
2092 2210 45
2093 2210 53
1929 2210 12
1688 2210 31
23 81 0
81 322 39
322 636 97
636 862 88
862 1007 82
1007 1108 99
81 323 0
323 637 18
81 324 0
324 638 27
638 863 51
863 1008 22
1008 1109 23
1108 1188 60
637 1188 89
1109 1188 26
1188 1273 98
1273 1437 67
1437 1690 38
1690 1930 78
1930 2094 22
2094 2211 56
2211 2289 95
1437 1691 0
1691 1931 21
1931 2095 69
2095 2212 69
1437 1692 0
1692 1932 99
1932 2096 95
2289 2334 10
2212 2334 73
2096 2334 36
80 321 0
1187 1272 0
1271 1435 0
81 325 0
321 635 91
1272 1436 12
1435 1689 38
325 639 92
2334 2352 38
24 82 76
82 326 62
326 640 84
82 327 0
327 641 60
641 864 65
864 1009 24
82 328 0
328 642 76
642 865 86
82 329 0
329 643 42
643 866 49
866 1010 75
640 1110 42
1009 1110 81
865 1110 53
1010 1110 31
1110 1189 24
1189 1274 43
1274 1438 39
1438 1693 52
1274 1439 0
1439 1694 27
1694 1933 12
1693 2097 65
1933 2097 84
24 83 0
83 331 86
331 645 51
645 867 52
867 1011 62
1011 1111 50
83 332 0
332 646 10
83 333 0
333 647 24
647 868 73
868 1012 47
83 334 0
334 648 73
648 869 25
83 335 0
335 649 29
649 870 14
870 1013 26
1013 1112 99
1111 1190 32
646 1190 86
1012 1190 60
869 1190 22
1112 1190 46
1190 1276 33
1276 1442 73
1442 1696 35
1696 1934 32
1934 2098 74
2098 2213 11
2213 2290 30
1442 1697 0
1697 1935 91
1442 1698 0
1698 1936 57
1936 2099 65
2099 2214 21
1442 1699 0
1699 1937 25
1442 1700 0
1700 1938 64
1938 2100 44
2100 2215 68
2290 2335 72
1935 2335 37
2214 2335 52
1937 2335 14
2215 2335 53
82 330 0
1189 1275 0
1274 1440 0
83 336 0
330 644 96
1275 1441 60
1440 1695 22
336 650 23
2335 2353 67
25 84 83
84 337 55
337 651 52
84 338 0
338 652 90
652 871 45
84 339 0
339 653 57
653 872 50
872 1014 47
651 1113 83
871 1113 27
1014 1113 100
1113 1191 75
1191 1277 64
1277 1443 22
1443 1701 92
1701 1939 18
1939 2101 10
2101 2216 70
1277 1444 0
1444 1702 83
1702 1940 78
1277 1445 0
1445 1703 95
1703 1941 86
1277 1446 0
1446 1704 49
1704 1942 97
1942 2102 33
2102 2217 89
1277 1447 0
1447 1705 23
1705 1943 41
2216 2291 50
1940 2291 66
1941 2291 38
2217 2291 42
1943 2291 15
25 85 0
85 341 43
341 655 91
85 342 0
342 656 85
656 873 14
873 1015 96
1015 1114 89
85 343 0
343 657 55
657 874 41
874 1016 78
655 1192 23
1114 1192 89
1016 1192 11
1192 1279 45
1279 1450 32
1450 1707 67
1707 1944 13
1944 2103 33
2103 2218 100
2218 2292 50
1450 1708 0
1708 1945 67
1945 2104 43
2104 2219 28
1450 1709 0
1709 1946 67
1450 1710 0
1710 1947 58
1947 2105 86
1450 1711 0
1711 1948 51
1948 2106 31
2106 2220 65
2292 2336 80
2219 2336 58
1946 2336 57
2105 2336 26
2220 2336 13
84 340 0
1191 1278 0
1277 1448 0
85 344 0
340 654 76
1278 1449 74
1448 1706 62
344 658 31
2336 2354 94
26 86 66
86 345 22
345 659 28
659 875 34
86 346 0
346 660 16
86 347 0
347 661 100
661 876 50
876 1017 15
1017 1115 25
86 348 0
348 662 58
86 349 0
349 663 17
663 877 27
877 1018 82
875 1193 73
660 1193 40
1115 1193 26
662 1193 87
1018 1193 83
1193 1280 17
1280 1451 56
1451 1712 85
1712 1949 47
1949 2107 82
2107 2221 79
1451 1713 0
1713 1950 68
1950 2108 68
2108 2222 58
1451 1714 0
1714 1951 17
1951 2109 93
2109 2223 25
1451 1715 0
1715 1952 29
2221 2293 60
2222 2293 22
2223 2293 82
1952 2293 91
26 87 0
87 351 26
351 665 33
665 878 98
878 1019 76
1019 1116 26
87 352 0
352 666 46
1116 1194 12
666 1194 88
1194 1281 62
1281 1453 68
1453 1718 47
1718 1954 47
1954 2110 58
2110 2224 16
1453 1719 0
1719 1955 14
1955 2111 73
1453 1720 0
1720 1956 68
1956 2112 47
2112 2225 80
2225 2294 28
1453 1721 0
1721 1957 34
1957 2113 15
2113 2226 100
2226 2295 61
2224 2337 13
2111 2337 43
2294 2337 25
2295 2337 41
86 350 0
1280 1452 0
1451 1716 0
87 353 0
350 664 99
1452 1717 83
1716 1953 90
353 667 76
2337 2355 82
27 88 41
88 354 64
354 668 47
668 879 53
88 355 0
355 669 97
669 880 21
880 1020 74
88 356 0
356 670 16
88 357 0
357 671 93
671 881 45
881 1021 84
879 1117 10
1020 1117 91
670 1117 76
1021 1117 13
1117 1195 36
1195 1282 66
1282 1454 82
1454 1722 80
1722 1958 86
1958 2114 40
1282 1455 0
1455 1723 32
1723 1959 69
1959 2115 15
2114 2227 11
2115 2227 87
27 89 0
89 359 94
359 673 88
673 882 40
882 1022 33
1022 1118 69
89 360 0
360 674 71
674 883 76
89 361 0
361 675 69
675 884 69
884 1023 27
1023 1119 87
89 362 0
362 676 72
676 885 40
885 1024 33
1024 1120 28
1118 1196 75
883 1196 10
1119 1196 49
1120 1196 43
1196 1284 72
1284 1458 61
1458 1725 86
1725 1960 79
1458 1726 0
1726 1961 44
1961 2116 47
2116 2228 32
2228 2296 20
1960 2338 28
2296 2338 56
88 358 0
1195 1283 0
1282 1456 0
89 363 0
358 672 58
1283 1457 82
1456 1724 78
363 677 34
2338 2356 57
28 90 15
90 364 43
364 678 68
90 365 0
365 679 100
679 886 15
90 366 0
366 680 100
680 887 20
678 1025 94
886 1025 49
887 1025 70
1025 1121 30
1121 1197 26
1197 1285 14
1285 1459 11
1459 1727 97
1727 1962 84
1197 1286 0
1286 1460 78
1460 1728 98
1728 1963 89
1197 1287 0
1287 1461 21
1197 1288 0
1288 1462 34
1462 1729 29
1962 2117 84
1963 2117 89
1461 2117 26
1729 2117 100
28 91 0
91 368 90
368 682 70
682 888 11
888 1026 22
91 369 0
369 683 52
683 889 30
1026 1122 95
889 1122 38
1122 1199 45
1199 1291 62
1291 1464 17
1464 1730 89
1291 1465 0
1465 1731 73
1291 1466 0
1466 1732 26
1732 1964 72
1291 1467 0
1467 1733 78
1733 1965 70
1965 2118 31
2118 2229 98
1730 2297 59
1731 2297 41
1964 2297 17
2229 2297 92
90 367 0
1121 1198 0
1197 1289 0
91 370 0
367 681 51
1198 1290 27
1289 1463 82
370 684 46
2297 2339 58
29 92 66
92 371 31
371 685 92
685 890 75
890 1027 48
92 372 0
372 686 45
1027 1123 25
686 1123 38
1123 1200 91
1200 1292 29
1292 1468 63
1468 1734 88
1734 1966 65
1966 2119 83
2119 2230 39
1292 1469 0
1469 1735 82
1735 1967 14
1292 1470 0
1470 1736 85
1736 1968 83
1968 2120 69
2120 2231 41
1292 1471 0
1471 1737 37
1737 1969 57
1969 2121 82
2230 2298 35
1967 2298 46
2231 2298 70
2121 2298 98
29 93 0
93 374 67
374 688 48
688 891 43
93 375 0
375 689 52
93 376 0
376 690 22
690 892 46
892 1028 25
1028 1124 19
93 377 0
377 691 21
691 893 61
893 1029 92
1029 1125 37
891 1201 16
689 1201 81
1124 1201 33
1125 1201 10
1201 1294 75
1294 1474 97
1474 1739 37
1739 1970 56
1970 2122 35
2122 2232 67
2232 2299 34
1474 1740 0
1740 1971 71
1971 2123 85
2123 2233 80
2233 2300 69
1474 1741 0
1741 1972 49
1972 2124 84
2124 2234 17
1474 1742 0
1742 1973 35
1973 2125 54
2299 2340 81
2300 2340 79
2234 2340 49
2125 2340 56
92 373 0
1200 1293 0
1292 1472 0
93 378 0
373 687 45
1293 1473 64
1472 1738 87
378 692 94
2340 2357 64
30 94 49
94 379 75
379 693 70
693 894 33
94 380 0
380 694 23
894 1030 44
694 1030 46
1030 1126 17
1126 1202 52
1202 1295 80
1295 1475 66
1475 1743 50
1202 1296 0
1296 1476 100
1743 1974 61
1476 1974 47
30 95 0
95 382 97
382 696 74
696 895 77
895 1031 95
1031 1127 78
95 383 0
383 697 24
697 896 78
896 1032 93
1032 1128 58
95 384 0
384 698 51
95 385 0
385 699 85
699 897 16
897 1033 48
95 386 0
386 700 76
700 898 100
898 1034 30
1034 1129 94
1127 1204 100
1128 1204 32
698 1204 52
1033 1204 82
1129 1204 30
1204 1299 21
1299 1478 64
1478 1744 41
1744 1975 55
1975 2126 56
2126 2235 76
1478 1745 0
1745 1976 38
1976 2127 45
2235 2301 88
2127 2301 32
94 381 0
1126 1203 0
1202 1297 0
95 387 0
381 695 34
1203 1298 54
1297 1477 27
387 701 76
2301 2341 31
31 96 67
96 388 81
388 702 49
702 899 16
96 389 0
389 703 16
703 900 93
900 1035 18
1035 1130 64
96 390 0
390 704 25
704 901 33
901 1036 11
96 391 0
391 705 86
705 902 78
902 1037 74
899 1205 81
1130 1205 62
1036 1205 94
1037 1205 33
1205 1300 85
1300 1479 27
1479 1746 99
1746 1977 17
1977 2128 92
2128 2236 65
1479 1747 0
1747 1978 96
1978 2129 60
1479 1748 0
1748 1979 57
1979 2130 46
2130 2237 87
2237 2302 19
1479 1749 0
1749 1980 55
1980 2131 76
2131 2238 91
1479 1750 0
1750 1981 93
2236 2342 19
2129 2342 31
2302 2342 56
2238 2342 23
1981 2342 91
31 97 0
97 393 17
393 707 49
707 903 88
903 1038 16
97 394 0
394 708 55
708 904 62
904 1039 60
1038 1131 35
1039 1131 67
1131 1206 55
1206 1301 36
1301 1481 46
1481 1753 70
1301 1482 0
1482 1754 49
1754 1983 97
1983 2132 41
1301 1483 0
1483 1755 60
1755 1984 40
1301 1484 0
1484 1756 95
1756 1985 55
1301 1485 0
1485 1757 95
1757 1986 82
1753 2239 49
2132 2239 39
1984 2239 81
1985 2239 46
1986 2239 60
96 392 0
1300 1480 0
1479 1751 0
97 395 0
392 706 94
1480 1752 16
1751 1982 83
395 709 60
2239 2303 44
32 98 86
98 396 22
396 710 65
710 905 48
905 1040 35
98 397 0
397 711 63
98 398 0
398 712 21
712 906 32
98 399 0
399 713 92
98 400 0
400 714 88
714 907 20
907 1041 62
1041 1132 18
1040 1207 98
711 1207 53
906 1207 30
713 1207 25
1132 1207 100
1207 1302 64
1302 1486 60
1486 1758 33
1758 1987 29
1987 2133 20
1486 1759 0
1759 1988 69
1988 2134 19
2134 2240 68
2240 2304 70
1486 1760 0
1760 1989 46
1486 1761 0
1761 1990 64
1990 2135 12
2135 2241 99
2241 2305 21
2133 2343 36
2304 2343 39
1989 2343 15
2305 2343 53
32 99 0
99 402 100
402 716 28
99 403 0
403 717 36
717 908 27
908 1042 52
1042 1133 93
99 404 0
404 718 83
99 405 0
405 719 46
719 909 29
909 1043 59
1043 1134 12
716 1208 80
1133 1208 67
718 1208 33
1134 1208 21
1208 1303 77
1303 1488 11
1488 1764 86
1764 1992 92
1488 1765 0
1765 1993 57
1993 2136 41
1488 1766 0
1766 1994 55
1994 2137 12
2137 2242 90
2242 2306 10
1488 1767 0
1767 1995 18
1995 2138 35
2138 2243 59
2243 2307 29
1488 1768 0
1768 1996 39
1996 2139 38
1992 2344 33
2136 2344 36
2306 2344 64
2307 2344 34
2139 2344 57
98 401 0
1302 1487 0
1486 1762 0
99 406 0
401 715 92
1487 1763 89
1762 1991 18
406 720 49
2344 2358 95
33 100 52
100 407 41
407 721 43
721 910 57
910 1044 33
100 408 0
408 722 28
100 409 0
409 723 89
723 911 21
911 1045 100
1044 1135 61
722 1135 47
1045 1135 40
1135 1209 62
1209 1304 21
1304 1489 100
1489 1769 52
1304 1490 0
1490 1770 19
1769 1997 94
1770 1997 53
33 101 0
101 411 53
411 725 66
725 912 66
912 1046 68
1046 1136 14
101 412 0
412 726 46
726 913 62
913 1047 34
1047 1137 61
101 413 0
413 727 89
727 914 43
101 414 0
414 728 17
1136 1210 55
1137 1210 54
914 1210 12
728 1210 24
1210 1306 64
1306 1493 83
1493 1772 24
1772 1998 45
1493 1773 0
1773 1999 15
1998 2140 18
1999 2140 62
100 410 0
1209 1305 0
1304 1491 0
101 415 0
410 724 24
1305 1492 25
1491 1771 58
415 729 27
2140 2244 84
2309 2359 13
2247 2359 94
2345 2359 17
2311 2359 26
2346 2359 76
2314 2359 96
2256 2359 100
2315 2359 71
2167 2359 17
2317 2359 85
2347 2359 74
2175 2359 33
2319 2359 42
2320 2359 58
2322 2359 50
2324 2359 50
2348 2359 37
2349 2359 27
2328 2359 76
2282 2359 11
2350 2359 36
2351 2359 33
2209 2359 90
2352 2359 31
2353 2359 24
2354 2359 38
2355 2359 77
2356 2359 34
2339 2359 83
2357 2359 50
2341 2359 95
2303 2359 59
2358 2359 96
2244 2359 24
