2360 2704
0 34 63
34 102 28
102 416 86
416 730 23
730 915 70
915 1048 86
34 103 0
103 417 70
34 104 0
104 418 14
418 731 81
731 916 35
916 1049 84
34 105 0
105 419 23
419 732 84
732 917 32
34 106 0
106 420 35
1048 1138 61
417 1138 60
1049 1138 53
917 1138 89
420 1138 87
1138 1211 14
1211 1307 82
1307 1494 41
1494 1774 27
1774 2000 12
2000 2141 82
1307 1495 0
1495 1775 44
1775 2001 48
2001 2142 11
2142 2245 13
1307 1496 0
1496 1776 16
1776 2002 87
2002 2143 55
2141 2308 26
2245 2308 95
2143 2308 24
0 35 0
35 108 80
108 422 86
35 109 0
109 423 72
423 733 46
733 918 87
422 1050 12
918 1050 86
1050 1139 52
1139 1212 88
1212 1309 92
1309 1499 65
1499 1778 62
1212 1310 0
1310 1500 75
1212 1311 0
1311 1501 64
1212 1312 0
1312 1502 55
1502 1779 21
1779 2003 86
2003 2144 87
1212 1313 0
1313 1503 27
1503 1780 90
1780 2004 50
1778 2246 93
1500 2246 42
1501 2246 55
2144 2246 37
2004 2246 87
34 107 0
1211 1308 0
1307 1497 0
35 110 0
107 421 88
1308 1498 76
1497 1777 49
110 424 44
2246 2309 86
1 36 81
36 111 27
111 425 35
425 734 69
36 112 0
112 426 36
36 113 0
113 427 45
427 735 92
36 114 0
114 428 68
734 919 96
426 919 67
735 919 39
428 919 59
919 1051 96
1051 1140 88
1140 1213 45
1213 1314 97
1314 1504 21
1504 1781 86
1781 2005 16
1140 1214 0
1214 1315 21
1315 1505 11
1505 1782 54
2005 2145 91
1782 2145 71
1 37 0
37 116 45
116 430 86
430 736 48
37 117 0
117 431 32
431 737 59
737 920 44
920 1052 16
37 118 0
118 432 94
37 119 0
119 433 84
736 1142 50
1052 1142 75
432 1142 58
433 1142 28
1142 1217 11
1217 1317 51
1317 1506 51
1506 1783 47
1783 2006 80
1317 1507 0
1507 1784 46
1317 1508 0
1508 1785 85
1785 2007 81
2006 2146 59
1784 2146 94
2007 2146 87
36 115 0
1051 1141 0
1140 1215 0
37 120 0
115 429 30
1141 1216 87
1215 1316 82
120 434 61
2146 2247 24
2 38 56
38 121 81
121 435 29
435 738 88
738 921 86
38 122 0
122 436 88
38 123 0
123 437 71
437 739 92
921 1053 37
436 1053 73
739 1053 61
1053 1143 16
1143 1218 92
1218 1318 22
1318 1509 45
1509 1786 24
1786 2008 72
2008 2147 32
1218 1319 0
1319 1510 81
1218 1320 0
1320 1511 57
1511 1787 46
1787 2009 68
1218 1321 0
1321 1512 41
1512 1788 72
1788 2010 64
2010 2148 12
2147 2248 99
1510 2248 46
2009 2248 86
2148 2248 87
2 39 0
39 125 63
125 439 97
39 126 0
126 440 74
440 740 49
740 922 69
922 1054 21
39 127 0
127 441 51
441 741 59
439 1144 89
1054 1144 48
741 1144 84
1144 1220 88
1220 1324 41
1324 1514 52
1514 1789 73
1789 2011 97
2011 2149 25
2149 2249 30
1324 1515 0
1515 1790 27
1790 2012 58
2012 2150 22
2150 2250 18
1324 1516 0
1516 1791 29
1791 2013 16
2013 2151 77
1324 1517 0
1517 1792 93
1324 1518 0
1518 1793 19
1793 2014 45
2014 2152 95
2249 2310 10
2250 2310 51
2151 2310 81
1792 2310 80
2152 2310 71
38 124 0
1143 1219 0
1218 1322 0
39 128 0
124 438 85
1219 1323 88
1322 1513 96
128 442 68
2310 2345 86
3 40 60
40 129 22
129 443 68
443 742 70
742 923 38
40 130 0
130 444 67
444 743 83
743 924 24
923 1055 57
924 1055 52
1055 1145 73
1145 1221 41
1221 1325 96
1325 1519 42
1221 1326 0
1326 1520 95
1520 1794 23
1794 2015 43
1221 1327 0
1327 1521 56
1521 1795 65
1221 1328 0
1328 1522 42
1221 1329 0
1329 1523 91
1519 2153 76
2015 2153 24
1795 2153 78
1522 2153 58
1523 2153 93
3 41 0
41 132 13
132 446 89
41 133 0
133 447 43
447 744 93
744 925 12
41 134 0
134 448 41
448 745 71
745 926 14
41 135 0
135 449 29
449 746 57
446 1056 73
925 1056 38
926 1056 15
746 1056 74
1056 1146 55
1146 1223 37
1223 1332 57
1332 1525 77
1525 1796 11
1223 1333 0
1333 1526 99
1526 1797 28
1797 2016 99
2016 2154 13
1796 2251 20
2154 2251 92
40 131 0
1145 1222 0
1221 1330 0
41 136 0
131 445 16
1222 1331 15
1330 1524 42
136 450 98
2251 2311 31
4 42 65
42 137 74
137 451 78
42 138 0
138 452 46
452 747 45
747 927 93
927 1057 90
42 139 0
139 453 24
453 748 83
451 1147 94
1057 1147 83
748 1147 65
1147 1224 93
1224 1334 81
1334 1527 95
1527 1798 12
1334 1528 0
1528 1799 71
1799 2017 21
2017 2155 39
2155 2252 62
1334 1529 0
1529 1800 56
1800 2018 77
2018 2156 70
1798 2312 13
2252 2312 16
2156 2312 76
4 43 0
43 141 64
141 455 55
43 142 0
142 456 94
456 749 56
749 928 98
928 1058 48
43 143 0
143 457 83
457 750 63
43 144 0
144 458 26
458 751 66
455 1148 59
1058 1148 30
750 1148 20
751 1148 63
1148 1225 98
1225 1336 52
1336 1532 51
1532 1802 65
1802 2019 23
2019 2157 17
1336 1533 0
1533 1803 68
1803 2020 52
2020 2158 100
1336 1534 0
1534 1804 10
1804 2021 65
2021 2159 22
2159 2253 90
1336 1535 0
1535 1805 26
2157 2313 69
2158 2313 83
2253 2313 77
1805 2313 69
42 140 0
1224 1335 0
1334 1530 0
43 145 0
140 454 86
1335 1531 98
1530 1801 13
145 459 28
2313 2346 76
5 44 63
44 146 84
146 460 71
44 147 0
147 461 13
461 752 19
752 929 47
44 148 0
148 462 89
462 753 69
753 930 43
930 1059 45
44 149 0
149 463 11
463 754 63
754 931 31
931 1060 24
44 150 0
150 464 90
464 755 69
755 932 41
460 1149 43
929 1149 99
1059 1149 64
1060 1149 84
932 1149 75
1149 1226 89
1226 1337 62
1337 1536 72
1536 1806 93
1337 1537 0
1537 1807 11
1807 2022 75
1337 1538 0
1538 1808 85
1808 2023 19
2023 2160 90
1806 2254 37
2022 2254 84
2160 2254 43
5 45 0
45 152 57
152 466 96
466 756 48
45 153 0
153 467 14
467 757 94
757 933 73
45 154 0
154 468 83
468 758 22
758 934 94
45 155 0
155 469 65
45 156 0
156 470 37
470 759 71
756 1061 51
933 1061 53
934 1061 99
469 1061 31
759 1061 89
1061 1150 80
1150 1227 84
1227 1339 15
1339 1541 70
1541 1810 88
1227 1340 0
1340 1542 90
1542 1811 28
1227 1341 0
1341 1543 79
1543 1812 46
1227 1342 0
1342 1544 25
1227 1343 0
1343 1545 43
1545 1813 38
1813 2024 24
2024 2161 92
1810 2255 62
1811 2255 91
1812 2255 32
1544 2255 11
2161 2255 98
44 151 0
1226 1338 0
1337 1539 0
45 157 0
151 465 44
1338 1540 66
1539 1809 30
157 471 14
2255 2314 22
6 46 23
46 158 48
158 472 14
472 760 51
46 159 0
159 473 87
473 761 65
761 935 11
46 160 0
160 474 86
760 1062 48
935 1062 46
474 1062 64
1062 1151 98
1151 1228 21
1228 1344 37
1344 1546 97
1546 1814 87
1814 2025 98
1228 1345 0
1345 1547 96
1547 1815 36
1228 1346 0
1346 1548 66
2025 2162 30
1815 2162 24
1548 2162 68
6 47 0
47 162 96
162 476 44
47 163 0
163 477 87
477 762 94
476 936 41
762 936 47
936 1063 63
1063 1152 68
1152 1230 42
1230 1349 82
1349 1550 47
1152 1231 0
1231 1350 66
1350 1551 77
1551 1816 63
1816 2026 64
1152 1232 0
1232 1351 34
1550 2163 12
2026 2163 70
1351 2163 100
46 161 0
1151 1229 0
1228 1347 0
47 164 0
161 475 51
1229 1348 35
1347 1549 71
164 478 95
2163 2256 51
7 48 54
48 165 94
165 479 82
479 763 73
48 166 0
166 480 67
480 764 98
48 167 0
167 481 49
481 765 35
48 168 0
168 482 55
482 766 75
766 937 31
763 1064 43
764 1064 94
765 1064 23
937 1064 43
1064 1153 93
1153 1233 16
1233 1352 22
1352 1552 31
1552 1817 84
1817 2027 47
1233 1353 0
1353 1553 21
1553 1818 53
1818 2028 34
2027 2164 56
2028 2164 13
7 49 0
49 170 49
170 484 93
49 171 0
171 485 24
49 172 0
172 486 64
486 767 81
767 938 49
49 173 0
173 487 13
49 174 0
174 488 84
488 768 100
484 1065 54
485 1065 10
938 1065 11
487 1065 59
768 1065 65
1065 1154 21
1154 1235 46
1235 1356 27
1356 1555 66
1555 1819 78
1235 1357 0
1357 1556 88
1556 1820 21
1820 2029 28
2029 2165 55
1235 1358 0
1358 1557 92
1557 1821 54
1821 2030 62
1819 2257 27
2165 2257 18
2030 2257 46
48 169 0
1153 1234 0
1233 1354 0
49 175 0
169 483 33
1234 1355 75
1354 1554 48
175 489 55
2257 2315 85
8 50 53
50 176 50
176 490 55
490 769 77
50 177 0
177 491 36
491 770 61
770 939 62
50 178 0
178 492 100
492 771 96
771 940 86
940 1066 43
769 1155 31
939 1155 80
1066 1155 24
1155 1236 71
1236 1359 42
1359 1558 84
1558 1822 22
1359 1559 0
1559 1823 59
1823 2031 86
2031 2166 65
1359 1560 0
1560 1824 35
1822 2258 38
2166 2258 46
1824 2258 78
8 51 0
51 180 73
180 494 73
51 181 0
181 495 76
494 772 56
495 772 17
772 941 18
941 1067 17
1067 1156 20
1156 1237 25
1237 1361 39
1067 1157 0
1157 1238 48
1238 1362 42
1067 1158 0
1158 1239 72
1239 1363 31
1363 1563 59
1563 1826 87
1361 2032 80
1362 2032 30
1826 2032 40
50 179 0
1236 1360 0
1359 1561 0
51 182 0
179 493 39
1360 1562 15
1561 1825 38
182 496 67
2032 2167 49
9 52 69
52 183 34
183 497 63
52 184 0
184 498 38
52 185 0
185 499 86
499 773 64
773 942 37
942 1068 28
52 186 0
186 500 83
500 774 79
497 1159 14
498 1159 36
1068 1159 60
774 1159 89
1159 1240 43
1240 1364 16
1364 1564 40
1564 1827 92
1827 2033 97
2033 2168 51
2168 2259 31
1364 1565 0
1565 1828 39
1828 2034 81
2034 2169 96
2169 2260 88
1364 1566 0
1566 1829 90
1829 2035 66
2035 2170 21
2170 2261 72
1364 1567 0
1567 1830 17
2259 2316 96
2260 2316 38
2261 2316 98
1830 2316 11
9 53 0
53 188 37
188 502 54
502 775 24
775 943 75
53 189 0
189 503 88
503 776 14
776 944 97
53 190 0
190 504 58
504 777 20
943 1069 46
944 1069 29
777 1069 40
1069 1160 76
1160 1241 68
1241 1366 74
1366 1570 70
1570 1832 83
1832 2036 75
2036 2171 50
1241 1367 0
1367 1571 99
1571 1833 32
1833 2037 57
2171 2262 36
2037 2262 69
52 187 0
1240 1365 0
1364 1568 0
53 191 0
187 501 51
1365 1569 10
1568 1831 96
191 505 24
2262 2317 75
10 54 71
54 192 79
192 506 51
54 193 0
193 507 65
507 778 49
778 945 21
506 1070 36
945 1070 67
1070 1161 98
1161 1242 17
1242 1368 94
1368 1572 46
1572 1834 82
1834 2038 74
1242 1369 0
1369 1573 73
1242 1370 0
1370 1574 76
1242 1371 0
1371 1575 56
1575 1835 31
1835 2039 74
2039 2172 46
1242 1372 0
1372 1576 40
1576 1836 90
1836 2040 48
2038 2263 53
1573 2263 80
1574 2263 43
2172 2263 73
2040 2263 84
10 55 0
55 195 93
195 509 67
55 196 0
196 510 85
510 779 72
779 946 25
55 197 0
197 511 24
511 780 59
780 947 88
947 1071 94
509 1162 84
946 1162 32
1071 1162 13
1162 1244 42
1244 1375 100
1375 1578 29
1578 1837 97
1375 1579 0
1579 1838 26
1838 2041 84
2041 2173 17
2173 2264 72
1837 2318 84
2264 2318 21
54 194 0
1161 1243 0
1242 1373 0
55 198 0
194 508 89
1243 1374 57
1373 1577 48
198 512 35
2318 2347 35
11 56 59
56 199 10
199 513 40
513 781 39
781 948 72
56 200 0
200 514 72
514 782 47
56 201 0
201 515 31
56 202 0
202 516 51
516 783 95
783 949 73
948 1072 57
782 1072 86
515 1072 91
949 1072 100
1072 1163 56
1163 1245 54
1245 1376 89
1376 1580 59
1580 1839 52
1839 2042 25
1245 1377 0
1377 1581 16
1581 1840 91
2042 2174 42
1840 2174 44
11 57 0
57 204 33
204 518 48
518 784 79
57 205 0
205 519 18
519 785 63
57 206 0
206 520 66
784 950 59
785 950 72
520 950 29
950 1073 76
1073 1164 60
1164 1247 13
1247 1380 68
1380 1583 48
1583 1841 37
1164 1248 0
1248 1381 23
1381 1584 21
1841 2043 53
1584 2043 97
56 203 0
1163 1246 0
1245 1378 0
57 207 0
203 517 83
1246 1379 15
1378 1582 65
207 521 91
2043 2175 25
12 58 63
58 208 60
208 522 30
522 786 28
786 951 62
951 1074 78
58 209 0
209 523 99
58 210 0
210 524 24
524 787 42
787 952 82
952 1075 74
58 211 0
211 525 41
525 788 74
788 953 59
953 1076 44
58 212 0
212 526 54
526 789 80
789 954 18
1074 1165 72
523 1165 42
1075 1165 97
1076 1165 60
954 1165 40
1165 1249 52
1249 1382 56
1382 1585 45
1585 1842 59
1382 1586 0
1586 1843 40
1843 2044 47
1382 1587 0
1587 1844 59
1844 2045 44
2045 2176 89
1842 2265 49
2044 2265 78
2176 2265 13
12 59 0
59 214 66
214 528 49
59 215 0
215 529 91
529 790 60
790 955 21
59 216 0
216 530 70
530 791 19
791 956 50
59 217 0
217 531 61
59 218 0
218 532 49
532 792 90
792 957 37
528 1077 24
955 1077 76
956 1077 32
531 1077 92
957 1077 62
1077 1166 28
1166 1250 85
1250 1384 62
1384 1590 63
1590 1846 37
1846 2046 99
1250 1385 0
1385 1591 86
1591 1847 61
1847 2047 29
2047 2177 65
1250 1386 0
1386 1592 43
1592 1848 32
1848 2048 40
2046 2266 32
2177 2266 46
2048 2266 50
58 213 0
1249 1383 0
1382 1588 0
59 219 0
213 527 64
1383 1589 87
1588 1845 53
219 533 32
2266 2319 75
13 60 81
60 220 78
220 534 18
534 793 11
793 958 44
958 1078 82
60 221 0
221 535 29
535 794 50
794 959 57
959 1079 97
60 222 0
222 536 100
1078 1167 81
1079 1167 38
536 1167 24
1167 1251 27
1251 1387 31
1387 1593 17
1593 1849 30
1387 1594 0
1594 1850 77
1850 2049 10
1387 1595 0
1595 1851 64
1849 2178 36
2049 2178 62
1851 2178 84
13 61 0
61 224 12
224 538 86
538 795 89
61 225 0
225 539 40
539 796 57
61 226 0
226 540 19
61 227 0
227 541 22
541 797 11
797 960 100
61 228 0
228 542 45
542 798 29
798 961 18
795 1080 33
796 1080 21
540 1080 100
960 1080 52
961 1080 100
1080 1168 24
1168 1252 76
1252 1389 93
1389 1598 79
1598 1853 100
1853 2050 90
1252 1390 0
1390 1599 73
1599 1854 54
1854 2051 81
2051 2179 69
1252 1391 0
1391 1600 44
1600 1855 59
1252 1392 0
1392 1601 44
1601 1856 57
2050 2267 24
2179 2267 93
1855 2267 12
1856 2267 12
60 223 0
1251 1388 0
1387 1596 0
61 229 0
223 537 76
1388 1597 89
1596 1852 55
229 543 50
2267 2320 13
14 62 35
62 230 64
230 544 25
544 799 73
62 231 0
231 545 37
545 800 10
800 962 25
62 232 0
232 546 25
546 801 37
801 963 89
62 233 0
233 547 84
547 802 39
802 964 70
964 1081 56
799 1169 59
962 1169 96
963 1169 100
1081 1169 53
1169 1253 91
1253 1393 89
1393 1602 21
1602 1857 63
1857 2052 45
2052 2180 77
2180 2268 15
1393 1603 0
1603 1858 87
1393 1604 0
1604 1859 53
1859 2053 71
2053 2181 80
1393 1605 0
1605 1860 89
1860 2054 54
2054 2182 69
2182 2269 75
2268 2321 38
1858 2321 91
2181 2321 13
2269 2321 63
14 63 0
63 235 20
235 549 67
549 803 96
803 965 22
63 236 0
236 550 95
63 237 0
237 551 97
551 804 67
804 966 53
965 1082 69
550 1082 33
966 1082 91
1082 1170 58
1170 1254 69
1254 1395 41
1395 1608 42
1254 1396 0
1396 1609 65
1254 1397 0
1397 1610 56
1254 1398 0
1398 1611 37
1611 1862 36
1862 2055 54
2055 2183 29
1254 1399 0
1399 1612 15
1612 1863 80
1608 2270 93
1609 2270 78
1610 2270 37
2183 2270 14
1863 2270 75
62 234 0
1253 1394 0
1393 1606 0
63 238 0
234 548 28
1394 1607 11
1606 1861 10
238 552 31
2270 2322 45
15 64 97
64 239 65
239 553 49
553 805 50
805 967 13
967 1083 99
64 240 0
240 554 100
554 806 87
806 968 70
968 1084 99
1083 1171 54
1084 1171 54
1171 1255 19
1255 1400 31
1400 1613 32
1613 1864 86
1400 1614 0
1614 1865 92
1865 2056 34
2056 2184 15
2184 2271 79
1400 1615 0
1615 1866 32
1864 2323 59
2271 2323 29
1866 2323 77
15 65 0
65 242 40
242 556 81
556 807 28
65 243 0
243 557 60
557 808 64
808 969 22
807 1085 34
969 1085 42
1085 1172 70
1172 1256 85
1256 1402 58
1402 1618 78
1618 1868 63
1868 2057 85
1256 1403 0
1403 1619 72
1619 1869 29
1869 2058 74
2058 2185 53
1256 1404 0
1404 1620 28
1620 1870 86
1256 1405 0
1405 1621 90
1621 1871 79
1256 1406 0
1406 1622 97
1622 1872 88
1872 2059 23
2057 2272 16
2185 2272 49
1870 2272 46
1871 2272 16
2059 2272 71
64 241 0
1255 1401 0
1400 1616 0
65 244 0
241 555 78
1401 1617 40
1616 1867 75
244 558 82
2272 2324 34
16 66 82
66 245 25
245 559 61
559 809 73
809 970 37
970 1086 46
66 246 0
246 560 90
560 810 48
66 247 0
247 561 62
66 248 0
248 562 85
562 811 31
811 971 32
971 1087 100
1086 1173 44
810 1173 47
561 1173 97
1087 1173 85
1173 1257 29
1257 1407 18
1407 1623 59
1623 1873 88
1873 2060 40
2060 2186 100
1407 1624 0
1624 1874 25
1874 2061 65
2061 2187 80
2186 2273 95
2187 2273 61
16 67 0
67 250 98
250 564 26
564 812 52
67 251 0
251 565 56
565 813 31
67 252 0
252 566 60
566 814 63
814 972 22
972 1088 59
67 253 0
253 567 88
567 815 93
815 973 70
812 1174 62
813 1174 31
1088 1174 97
973 1174 51
1174 1258 11
1258 1409 85
1409 1627 78
1627 1876 71
1876 2062 25
2062 2188 62
2188 2274 73
1409 1628 0
1628 1877 57
1877 2063 71
1409 1629 0
1629 1878 35
1878 2064 81
2274 2325 80
2063 2325 41
2064 2325 68
66 249 0
1257 1408 0
1407 1625 0
67 254 0
249 563 85
1408 1626 97
1625 1875 34
254 568 70
2325 2348 35
17 68 56
68 255 30
255 569 52
68 256 0
256 570 90
570 816 41
816 974 86
68 257 0
257 571 37
571 817 50
817 975 99
975 1089 75
569 1175 75
974 1175 88
1089 1175 60
1175 1259 34
1259 1410 46
1410 1630 55
1630 1879 37
1410 1631 0
1631 1880 78
1880 2065 85
1879 2189 28
2065 2189 77
17 69 0
69 259 98
259 573 45
573 818 53
818 976 78
976 1090 62
69 260 0
260 574 56
574 819 58
69 261 0
261 575 82
575 820 27
820 977 57
69 262 0
262 576 91
69 263 0
263 577 88
577 821 30
821 978 53
978 1091 83
1090 1176 46
819 1176 44
977 1176 26
576 1176 90
1091 1176 29
1176 1260 75
1260 1412 40
1412 1634 41
1634 1882 86
1882 2066 91
1412 1635 0
1635 1883 36
1883 2067 76
2067 2190 17
2190 2275 92
1412 1636 0
1636 1884 44
1884 2068 58
2068 2191 19
2191 2276 98
1412 1637 0
1637 1885 43
1885 2069 73
1412 1638 0
1638 1886 84
1886 2070 94
2070 2192 54
2192 2277 59
2066 2326 14
2275 2326 50
2276 2326 57
2069 2326 22
2277 2326 85
68 258 0
1259 1411 0
1410 1632 0
69 264 0
258 572 57
1411 1633 67
1632 1881 36
264 578 69
2326 2349 91
18 70 77
70 265 89
265 579 35
579 822 24
822 979 18
979 1092 52
70 266 0
266 580 66
70 267 0
267 581 18
581 823 56
70 268 0
268 582 86
582 824 18
1092 1177 46
580 1177 48
823 1177 85
824 1177 67
1177 1261 24
1261 1413 91
1413 1639 20
1639 1887 16
1887 2071 79
2071 2193 99
1413 1640 0
1640 1888 12
1413 1641 0
1641 1889 77
1889 2072 67
2072 2194 91
2194 2278 51
1413 1642 0
1642 1890 49
1890 2073 22
2073 2195 28
2195 2279 15
1413 1643 0
1643 1891 92
1891 2074 13
2074 2196 10
2193 2327 28
1888 2327 64
2278 2327 49
2279 2327 22
2196 2327 28
18 71 0
71 270 100
270 584 25
584 825 96
71 271 0
271 585 92
585 826 83
826 980 53
980 1093 63
71 272 0
272 586 26
586 827 55
827 981 22
981 1094 98
71 273 0
273 587 35
587 828 62
828 982 59
982 1095 62
71 274 0
274 588 100
588 829 50
829 983 43
825 1178 26
1093 1178 71
1094 1178 76
1095 1178 59
983 1178 64
1178 1262 10
1262 1415 69
1415 1646 45
1646 1893 82
1415 1647 0
1647 1894 63
1894 2075 78
2075 2197 81
1893 2280 49
2197 2280 91
70 269 0
1261 1414 0
1413 1644 0
71 275 0
269 583 59
1414 1645 26
1644 1892 30
275 589 82
2280 2328 99
19 72 100
72 276 16
276 590 16
590 830 15
830 984 77
984 1096 38
72 277 0
277 591 97
591 831 99
72 278 0
278 592 100
592 832 78
832 985 27
72 279 0
279 593 17
593 833 36
833 986 31
986 1097 31
1096 1179 95
831 1179 33
985 1179 95
1097 1179 77
1179 1263 22
1263 1416 69
1416 1648 45
1648 1895 62
1895 2076 16
2076 2198 76
2198 2281 85
1416 1649 0
1649 1896 37
1416 1650 0
1650 1897 14
1416 1651 0
1651 1898 52
1416 1652 0
1652 1899 56
2281 2329 72
1896 2329 82
1897 2329 23
1898 2329 54
1899 2329 12
19 73 0
73 281 14
281 595 62
73 282 0
282 596 18
596 834 78
834 987 61
987 1098 23
595 1180 60
1098 1180 84
1180 1264 42
1264 1418 66
1418 1655 68
1655 1901 47
1418 1656 0
1656 1902 25
1902 2077 30
1901 2199 92
2077 2199 72
72 280 0
1263 1417 0
1416 1653 0
73 283 0
280 594 38
1417 1654 68
1653 1900 78
283 597 22
2199 2282 65
20 74 78
74 284 21
284 598 82
598 835 81
74 285 0
285 599 64
599 836 24
836 988 43
74 286 0
286 600 91
600 837 22
837 989 40
989 1099 99
74 287 0
287 601 13
601 838 85
838 990 47
74 288 0
288 602 88
602 839 55
839 991 42
835 1181 34
988 1181 86
1099 1181 21
990 1181 17
991 1181 64
1181 1265 83
1265 1419 49
1419 1657 94
1657 1903 97
1419 1658 0
1658 1904 83
1904 2078 63
2078 2200 16
2200 2283 17
1419 1659 0
1659 1905 73
1419 1660 0
1660 1906 69
1906 2079 61
2079 2201 66
1903 2330 65
2283 2330 54
1905 2330 100
2201 2330 28
20 75 0
75 290 80
290 604 24
604 840 90
840 992 21
75 291 0
291 605 74
605 841 66
75 292 0
292 606 34
75 293 0
293 607 48
607 842 80
842 993 89
993 1100 34
75 294 0
294 608 75
608 843 41
843 994 43
994 1101 91
992 1182 78
841 1182 52
606 1182 20
1100 1182 19
1101 1182 46
1182 1266 70
1266 1421 76
1421 1663 56
1663 1908 46
1908 2080 71
1421 1664 0
1664 1909 95
1909 2081 15
2081 2202 51
2202 2284 95
1421 1665 0
1665 1910 96
1910 2082 54
2080 2331 13
2284 2331 78
2082 2331 19
74 289 0
1265 1420 0
1419 1661 0
75 295 0
289 603 99
1420 1662 59
1661 1907 98
295 609 65
2331 2350 48
21 76 81
76 296 19
296 610 74
76 297 0
297 611 20
611 844 96
844 995 99
76 298 0
298 612 46
612 845 17
845 996 57
996 1102 14
610 1183 21
995 1183 67
1102 1183 79
1183 1267 31
1267 1422 59
1422 1666 19
1666 1911 14
1422 1667 0
1667 1912 73
1912 2083 47
2083 2203 21
2203 2285 54
1422 1668 0
1668 1913 91
1913 2084 15
1422 1669 0
1669 1914 81
1914 2085 45
2085 2204 24
2204 2286 20
1911 2332 99
2285 2332 63
2084 2332 91
2286 2332 45
21 77 0
77 300 93
300 614 59
614 846 62
846 997 71
997 1103 30
77 301 0
301 615 97
77 302 0
302 616 25
616 847 88
847 998 57
77 303 0
303 617 53
617 848 66
848 999 62
1103 1184 67
615 1184 37
998 1184 37
999 1184 48
1184 1268 93
1268 1424 32
1424 1672 26
1672 1916 82
1916 2086 24
2086 2205 64
2205 2287 23
1424 1673 0
1673 1917 59
1917 2087 71
2087 2206 58
2287 2333 85
2206 2333 92
76 299 0
1267 1423 0
1422 1670 0
77 304 0
299 613 97
1423 1671 94
1670 1915 16
304 618 30
2333 2351 54
22 78 83
78 305 43
305 619 35
619 849 97
78 306 0
306 620 48
620 850 88
850 1000 16
1000 1104 26
78 307 0
307 621 68
621 851 99
851 1001 91
78 308 0
308 622 30
622 852 45
852 1002 29
1002 1105 50
78 309 0
309 623 84
623 853 19
849 1185 73
1104 1185 58
1001 1185 79
1105 1185 41
853 1185 100
1185 1269 47
1269 1425 58
1425 1674 81
1674 1918 72
1425 1675 0
1675 1919 43
1919 2088 92
1425 1676 0
1676 1920 97
1920 2089 30
2089 2207 94
1425 1677 0
1677 1921 68
1921 2090 75
2090 2208 68
1425 1678 0
1678 1922 67
1918 2288 36
2088 2288 82
2207 2288 39
2208 2288 51
1922 2288 78
22 79 0
79 311 20
311 625 67
625 854 32
79 312 0
312 626 71
626 855 97
855 1003 40
79 313 0
313 627 62
627 856 11
856 1004 86
79 314 0
314 628 46
79 315 0
315 629 35
629 857 11
857 1005 70
854 1106 37
1003 1106 11
1004 1106 31
628 1106 95
1005 1106 55
1106 1186 24
1186 1270 95
1270 1427 47
1427 1681 32
1681 1924 23
1270 1428 0
1428 1682 78
1682 1925 78
1270 1429 0
1429 1683 73
1924 2091 13
1925 2091 35
1683 2091 13
78 310 0
1269 1426 0
1425 1679 0
79 316 0
310 624 85
1426 1680 43
1679 1923 64
316 630 85
2091 2209 80
23 80 59
80 317 46
317 631 20
631 858 73
80 318 0
318 632 81
632 859 16
80 319 0
319 633 71
633 860 30
80 320 0
320 634 71
634 861 15
861 1006 31
858 1107 91
859 1107 22
860 1107 77
1006 1107 76
1107 1187 67
1187 1271 76
1271 1430 73
1430 1684 94
1684 1926 95
1271 1431 0
1431 1685 21
1685 1927 19
1927 2092 67
1271 1432 0
1432 1686 76
1686 1928 98
1928 2093 17
1271 1433 0
1433 1687 59
1687 1929 72
1271 1434 0
1434 1688 23
1926 2210 98
2092 2210 47
2093 2210 51
1929 2210 83
1688 2210 52
23 81 0
81 322 57
322 636 69
636 862 86
862 1007 19
1007 1108 47
81 323 0
323 637 17
81 324 0
324 638 74
638 863 12
863 1008 18
1008 1109 22
1108 1188 21
637 1188 88
1109 1188 74
1188 1273 48
1273 1437 40
1437 1690 32
1690 1930 54
1930 2094 84
2094 2211 51
2211 2289 53
1437 1691 0
1691 1931 70
1931 2095 60
2095 2212 52
1437 1692 0
1692 1932 65
1932 2096 65
2289 2334 14
2212 2334 99
2096 2334 30
80 321 0
1187 1272 0
1271 1435 0
81 325 0
321 635 11
1272 1436 51
1435 1689 69
325 639 39
2334 2352 51
24 82 75
82 326 68
326 640 96
82 327 0
327 641 15
641 864 26
864 1009 48
82 328 0
328 642 44
642 865 19
82 329 0
329 643 81
643 866 79
866 1010 32
640 1110 87
1009 1110 48
865 1110 46
1010 1110 56
1110 1189 66
1189 1274 94
1274 1438 29
1438 1693 73
1274 1439 0
1439 1694 47
1694 1933 39
1693 2097 57
1933 2097 70
24 83 0
83 331 22
331 645 93
645 867 20
867 1011 29
1011 1111 97
83 332 0
332 646 28
83 333 0
333 647 59
647 868 18
868 1012 17
83 334 0
334 648 10
648 869 18
83 335 0
335 649 51
649 870 51
870 1013 68
1013 1112 24
1111 1190 22
646 1190 98
1012 1190 56
869 1190 21
1112 1190 88
1190 1276 25
1276 1442 84
1442 1696 98
1696 1934 19
1934 2098 87
2098 2213 21
2213 2290 27
1442 1697 0
1697 1935 81
1442 1698 0
1698 1936 64
1936 2099 93
2099 2214 100
1442 1699 0
1699 1937 42
1442 1700 0
1700 1938 68
1938 2100 24
2100 2215 98
2290 2335 96
1935 2335 78
2214 2335 77
1937 2335 14
2215 2335 32
82 330 0
1189 1275 0
1274 1440 0
83 336 0
330 644 85
1275 1441 31
1440 1695 46
336 650 83
2335 2353 34
25 84 68
84 337 74
337 651 68
84 338 0
338 652 13
652 871 73
84 339 0
339 653 41
653 872 29
872 1014 13
651 1113 94
871 1113 48
1014 1113 29
1113 1191 33
1191 1277 63
1277 1443 76
1443 1701 81
1701 1939 56
1939 2101 55
2101 2216 85
1277 1444 0
1444 1702 39
1702 1940 70
1277 1445 0
1445 1703 73
1703 1941 41
1277 1446 0
1446 1704 57
1704 1942 35
1942 2102 62
2102 2217 37
1277 1447 0
1447 1705 13
1705 1943 88
2216 2291 85
1940 2291 64
1941 2291 80
2217 2291 28
1943 2291 75
25 85 0
85 341 84
341 655 99
85 342 0
342 656 98
656 873 95
873 1015 65
1015 1114 51
85 343 0
343 657 75
657 874 40
874 1016 22
655 1192 72
1114 1192 52
1016 1192 12
1192 1279 57
1279 1450 39
1450 1707 20
1707 1944 84
1944 2103 72
2103 2218 80
2218 2292 23
1450 1708 0
1708 1945 96
1945 2104 72
2104 2219 84
1450 1709 0
1709 1946 50
1450 1710 0
1710 1947 32
1947 2105 37
1450 1711 0
1711 1948 60
1948 2106 98
2106 2220 46
2292 2336 18
2219 2336 12
1946 2336 21
2105 2336 25
2220 2336 39
84 340 0
1191 1278 0
1277 1448 0
85 344 0
340 654 81
1278 1449 14
1448 1706 17
344 658 31
2336 2354 74
26 86 18
86 345 98
345 659 14
659 875 40
86 346 0
346 660 94
86 347 0
347 661 95
661 876 53
876 1017 14
1017 1115 65
86 348 0
348 662 58
86 349 0
349 663 98
663 877 76
877 1018 75
875 1193 88
660 1193 100
1115 1193 65
662 1193 70
1018 1193 24
1193 1280 55
1280 1451 83
1451 1712 59
1712 1949 95
1949 2107 50
2107 2221 21
1451 1713 0
1713 1950 57
1950 2108 86
2108 2222 85
1451 1714 0
1714 1951 44
1951 2109 61
2109 2223 75
1451 1715 0
1715 1952 54
2221 2293 44
2222 2293 98
2223 2293 95
1952 2293 40
26 87 0
87 351 30
351 665 60
665 878 45
878 1019 32
1019 1116 42
87 352 0
352 666 94
1116 1194 84
666 1194 96
1194 1281 73
1281 1453 78
1453 1718 84
1718 1954 64
1954 2110 84
2110 2224 16
1453 1719 0
1719 1955 45
1955 2111 96
1453 1720 0
1720 1956 79
1956 2112 97
2112 2225 84
2225 2294 37
1453 1721 0
1721 1957 90
1957 2113 77
2113 2226 79
2226 2295 15
2224 2337 55
2111 2337 81
2294 2337 55
2295 2337 33
86 350 0
1280 1452 0
1451 1716 0
87 353 0
350 664 39
1452 1717 29
1716 1953 61
353 667 85
2337 2355 97
27 88 76
88 354 13
354 668 69
668 879 63
88 355 0
355 669 26
669 880 63
880 1020 83
88 356 0
356 670 55
88 357 0
357 671 27
671 881 85
881 1021 51
879 1117 87
1020 1117 93
670 1117 26
1021 1117 40
1117 1195 51
1195 1282 25
1282 1454 55
1454 1722 95
1722 1958 20
1958 2114 62
1282 1455 0
1455 1723 62
1723 1959 98
1959 2115 39
2114 2227 90
2115 2227 21
27 89 0
89 359 15
359 673 99
673 882 28
882 1022 98
1022 1118 67
89 360 0
360 674 48
674 883 10
89 361 0
361 675 83
675 884 71
884 1023 84
1023 1119 20
89 362 0
362 676 27
676 885 57
885 1024 68
1024 1120 55
1118 1196 55
883 1196 24
1119 1196 19
1120 1196 79
1196 1284 43
1284 1458 88
1458 1725 80
1725 1960 77
1458 1726 0
1726 1961 92
1961 2116 31
2116 2228 89
2228 2296 12
1960 2338 71
2296 2338 57
88 358 0
1195 1283 0
1282 1456 0
89 363 0
358 672 31
1283 1457 21
1456 1724 40
363 677 17
2338 2356 20
28 90 10
90 364 14
364 678 85
90 365 0
365 679 47
679 886 22
90 366 0
366 680 51
680 887 51
678 1025 65
886 1025 80
887 1025 99
1025 1121 20
1121 1197 75
1197 1285 67
1285 1459 82
1459 1727 63
1727 1962 98
1197 1286 0
1286 1460 84
1460 1728 29
1728 1963 44
1197 1287 0
1287 1461 95
1197 1288 0
1288 1462 79
1462 1729 88
1962 2117 79
1963 2117 52
1461 2117 52
1729 2117 36
28 91 0
91 368 54
368 682 27
682 888 89
888 1026 92
91 369 0
369 683 59
683 889 44
1026 1122 38
889 1122 55
1122 1199 27
1199 1291 91
1291 1464 80
1464 1730 84
1291 1465 0
1465 1731 78
1291 1466 0
1466 1732 54
1732 1964 18
1291 1467 0
1467 1733 98
1733 1965 39
1965 2118 71
2118 2229 50
1730 2297 37
1731 2297 36
1964 2297 35
2229 2297 47
90 367 0
1121 1198 0
1197 1289 0
91 370 0
367 681 79
1198 1290 53
1289 1463 70
370 684 47
2297 2339 80
29 92 55
92 371 35
371 685 77
685 890 95
890 1027 25
92 372 0
372 686 36
1027 1123 62
686 1123 12
1123 1200 80
1200 1292 43
1292 1468 100
1468 1734 55
1734 1966 100
1966 2119 84
2119 2230 83
1292 1469 0
1469 1735 29
1735 1967 27
1292 1470 0
1470 1736 91
1736 1968 48
1968 2120 45
2120 2231 27
1292 1471 0
1471 1737 64
1737 1969 55
1969 2121 59
2230 2298 66
1967 2298 100
2231 2298 50
2121 2298 98
29 93 0
93 374 44
374 688 59
688 891 93
93 375 0
375 689 95
93 376 0
376 690 62
690 892 13
892 1028 44
1028 1124 62
93 377 0
377 691 33
691 893 89
893 1029 97
1029 1125 31
891 1201 94
689 1201 64
1124 1201 16
1125 1201 85
1201 1294 75
1294 1474 23
1474 1739 22
1739 1970 49
1970 2122 58
2122 2232 78
2232 2299 82
1474 1740 0
1740 1971 81
1971 2123 80
2123 2233 92
2233 2300 89
1474 1741 0
1741 1972 24
1972 2124 42
2124 2234 26
1474 1742 0
1742 1973 30
1973 2125 15
2299 2340 81
2300 2340 69
2234 2340 26
2125 2340 57
92 373 0
1200 1293 0
1292 1472 0
93 378 0
373 687 90
1293 1473 39
1472 1738 34
378 692 62
2340 2357 60
30 94 24
94 379 10
379 693 93
693 894 44
94 380 0
380 694 43
894 1030 38
694 1030 28
1030 1126 34
1126 1202 24
1202 1295 51
1295 1475 98
1475 1743 20
1202 1296 0
1296 1476 55
1743 1974 52
1476 1974 15
30 95 0
95 382 82
382 696 12
696 895 66
895 1031 28
1031 1127 22
95 383 0
383 697 91
697 896 44
896 1032 41
1032 1128 39
95 384 0
384 698 39
95 385 0
385 699 75
699 897 49
897 1033 58
95 386 0
386 700 98
700 898 52
898 1034 65
1034 1129 56
1127 1204 81
1128 1204 16
698 1204 34
1033 1204 18
1129 1204 37
1204 1299 27
1299 1478 20
1478 1744 72
1744 1975 15
1975 2126 15
2126 2235 47
1478 1745 0
1745 1976 53
1976 2127 98
2235 2301 100
2127 2301 35
94 381 0
1126 1203 0
1202 1297 0
95 387 0
381 695 13
1203 1298 61
1297 1477 48
387 701 17
2301 2341 82
31 96 75
96 388 71
388 702 92
702 899 89
96 389 0
389 703 56
703 900 42
900 1035 97
1035 1130 27
96 390 0
390 704 45
704 901 82
901 1036 87
96 391 0
391 705 81
705 902 82
902 1037 86
899 1205 31
1130 1205 69
1036 1205 14
1037 1205 57
1205 1300 68
1300 1479 15
1479 1746 77
1746 1977 48
1977 2128 15
2128 2236 16
1479 1747 0
1747 1978 70
1978 2129 88
1479 1748 0
1748 1979 43
1979 2130 74
2130 2237 27
2237 2302 13
1479 1749 0
1749 1980 57
1980 2131 77
2131 2238 75
1479 1750 0
1750 1981 22
2236 2342 15
2129 2342 65
2302 2342 11
2238 2342 62
1981 2342 12
31 97 0
97 393 15
393 707 85
707 903 35
903 1038 31
97 394 0
394 708 87
708 904 55
904 1039 50
1038 1131 24
1039 1131 76
1131 1206 48
1206 1301 67
1301 1481 14
1481 1753 99
1301 1482 0
1482 1754 35
1754 1983 46
1983 2132 98
1301 1483 0
1483 1755 78
1755 1984 91
1301 1484 0
1484 1756 91
1756 1985 83
1301 1485 0
1485 1757 55
1757 1986 62
1753 2239 19
2132 2239 89
1984 2239 71
1985 2239 98
1986 2239 64
96 392 0
1300 1480 0
1479 1751 0
97 395 0
392 706 97
1480 1752 66
1751 1982 14
395 709 57
2239 2303 20
32 98 91
98 396 88
396 710 35
710 905 20
905 1040 18
98 397 0
397 711 28
98 398 0
398 712 80
712 906 41
98 399 0
399 713 90
98 400 0
400 714 57
714 907 19
907 1041 97
1041 1132 56
1040 1207 41
711 1207 22
906 1207 33
713 1207 35
1132 1207 46
1207 1302 40
1302 1486 97
1486 1758 20
1758 1987 66
1987 2133 32
1486 1759 0
1759 1988 25
1988 2134 54
2134 2240 51
2240 2304 29
1486 1760 0
1760 1989 69
1486 1761 0
1761 1990 74
1990 2135 38
2135 2241 73
2241 2305 66
2133 2343 78
2304 2343 52
1989 2343 48
2305 2343 47
32 99 0
99 402 47
402 716 64
99 403 0
403 717 84
717 908 21
908 1042 55
1042 1133 99
99 404 0
404 718 89
99 405 0
405 719 67
719 909 23
909 1043 23
1043 1134 17
716 1208 94
1133 1208 99
718 1208 60
1134 1208 27
1208 1303 51
1303 1488 58
1488 1764 98
1764 1992 84
1488 1765 0
1765 1993 25
1993 2136 85
1488 1766 0
1766 1994 27
1994 2137 30
2137 2242 25
2242 2306 93
1488 1767 0
1767 1995 85
1995 2138 51
2138 2243 10
2243 2307 97
1488 1768 0
1768 1996 52
1996 2139 69
1992 2344 36
2136 2344 27
2306 2344 77
2307 2344 18
2139 2344 28
98 401 0
1302 1487 0
1486 1762 0
99 406 0
401 715 99
1487 1763 82
1762 1991 85
406 720 41
2344 2358 15
33 100 39
100 407 28
407 721 66
721 910 47
910 1044 74
100 408 0
408 722 42
100 409 0
409 723 53
723 911 65
911 1045 44
1044 1135 87
722 1135 12
1045 1135 64
1135 1209 56
1209 1304 42
1304 1489 18
1489 1769 98
1304 1490 0
1490 1770 64
1769 1997 20
1770 1997 98
33 101 0
101 411 44
411 725 97
725 912 57
912 1046 11
1046 1136 65
101 412 0
412 726 91
726 913 87
913 1047 78
1047 1137 23
101 413 0
413 727 23
727 914 60
101 414 0
414 728 30
1136 1210 15
1137 1210 20
914 1210 18
728 1210 44
1210 1306 88
1306 1493 93
1493 1772 39
1772 1998 76
1493 1773 0
1773 1999 60
1998 2140 61
1999 2140 95
100 410 0
1209 1305 0
1304 1491 0
101 415 0
410 724 81
1305 1492 11
1491 1771 40
415 729 13
2140 2244 17
2309 2359 47
2247 2359 37
2345 2359 20
2311 2359 47
2346 2359 99
2314 2359 69
2256 2359 97
2315 2359 74
2167 2359 90
2317 2359 18
2347 2359 19
2175 2359 86
2319 2359 83
2320 2359 83
2322 2359 54
2324 2359 14
2348 2359 11
2349 2359 14
2328 2359 34
2282 2359 34
2350 2359 65
2351 2359 26
2209 2359 75
2352 2359 15
2353 2359 22
2354 2359 52
2355 2359 89
2356 2359 75
2339 2359 100
2357 2359 59
2341 2359 26
2303 2359 37
2358 2359 88
2244 2359 15
