2360 2704
0 34 95
34 102 11
102 416 95
416 730 31
730 915 32
915 1048 45
34 103 0
103 417 51
34 104 0
104 418 56
418 731 53
731 916 54
916 1049 93
34 105 0
105 419 91
419 732 14
732 917 35
34 106 0
106 420 38
1048 1138 15
417 1138 28
1049 1138 79
917 1138 69
420 1138 30
1138 1211 68
1211 1307 74
1307 1494 19
1494 1774 64
1774 2000 16
2000 2141 55
1307 1495 0
1495 1775 92
1775 2001 75
2001 2142 26
2142 2245 42
1307 1496 0
1496 1776 99
1776 2002 51
2002 2143 92
2141 2308 81
2245 2308 21
2143 2308 100
0 35 0
35 108 89
108 422 77
35 109 0
109 423 36
423 733 86
733 918 51
422 1050 17
918 1050 17
1050 1139 37
1139 1212 19
1212 1309 68
1309 1499 40
1499 1778 13
1212 1310 0
1310 1500 82
1212 1311 0
1311 1501 29
1212 1312 0
1312 1502 79
1502 1779 46
1779 2003 26
2003 2144 93
1212 1313 0
1313 1503 100
1503 1780 20
1780 2004 20
1778 2246 68
1500 2246 47
1501 2246 90
2144 2246 92
2004 2246 11
34 107 0
1211 1308 0
1307 1497 0
35 110 0
107 421 18
1308 1498 66
1497 1777 10
110 424 86
2246 2309 28
1 36 55
36 111 72
111 425 79
425 734 59
36 112 0
112 426 66
36 113 0
113 427 18
427 735 25
36 114 0
114 428 85
734 919 10
426 919 65
735 919 55
428 919 97
919 1051 28
1051 1140 93
1140 1213 89
1213 1314 91
1314 1504 44
1504 1781 54
1781 2005 45
1140 1214 0
1214 1315 43
1315 1505 45
1505 1782 78
2005 2145 97
1782 2145 16
1 37 0
37 116 23
116 430 63
430 736 96
37 117 0
117 431 76
431 737 63
737 920 68
920 1052 24
37 118 0
118 432 73
37 119 0
119 433 79
736 1142 17
1052 1142 61
432 1142 70
433 1142 83
1142 1217 80
1217 1317 89
1317 1506 20
1506 1783 40
1783 2006 98
1317 1507 0
1507 1784 41
1317 1508 0
1508 1785 55
1785 2007 76
2006 2146 43
1784 2146 26
2007 2146 64
36 115 0
1051 1141 0
1140 1215 0
37 120 0
115 429 15
1141 1216 13
1215 1316 63
120 434 34
2146 2247 26
2 38 82
38 121 10
121 435 27
435 738 87
738 921 29
38 122 0
122 436 49
38 123 0
123 437 55
437 739 46
921 1053 41
436 1053 50
739 1053 23
1053 1143 27
1143 1218 29
1218 1318 61
1318 1509 34
1509 1786 97
1786 2008 46
2008 2147 26
1218 1319 0
1319 1510 91
1218 1320 0
1320 1511 35
1511 1787 72
1787 2009 32
1218 1321 0
1321 1512 92
1512 1788 15
1788 2010 97
2010 2148 45
2147 2248 62
1510 2248 22
2009 2248 14
2148 2248 28
2 39 0
39 125 60
125 439 62
39 126 0
126 440 50
440 740 54
740 922 11
922 1054 12
39 127 0
127 441 62
441 741 76
439 1144 72
1054 1144 87
741 1144 22
1144 1220 14
1220 1324 44
1324 1514 92
1514 1789 29
1789 2011 42
2011 2149 82
2149 2249 46
1324 1515 0
1515 1790 23
1790 2012 33
2012 2150 78
2150 2250 72
1324 1516 0
1516 1791 53
1791 2013 67
2013 2151 73
1324 1517 0
1517 1792 85
1324 1518 0
1518 1793 19
1793 2014 18
2014 2152 49
2249 2310 50
2250 2310 81
2151 2310 64
1792 2310 83
2152 2310 29
38 124 0
1143 1219 0
1218 1322 0
39 128 0
124 438 33
1219 1323 64
1322 1513 68
128 442 50
2310 2345 30
3 40 66
40 129 49
129 443 49
443 742 82
742 923 11
40 130 0
130 444 97
444 743 70
743 924 81
923 1055 71
924 1055 89
1055 1145 18
1145 1221 83
1221 1325 12
1325 1519 84
1221 1326 0
1326 1520 35
1520 1794 86
1794 2015 72
1221 1327 0
1327 1521 19
1521 1795 44
1221 1328 0
1328 1522 43
1221 1329 0
1329 1523 82
1519 2153 82
2015 2153 70
1795 2153 57
1522 2153 10
1523 2153 85
3 41 0
41 132 12
132 446 42
41 133 0
133 447 21
447 744 13
744 925 94
41 134 0
134 448 88
448 745 17
745 926 46
41 135 0
135 449 85
449 746 27
446 1056 84
925 1056 75
926 1056 74
746 1056 36
1056 1146 90
1146 1223 13
1223 1332 84
1332 1525 60
1525 1796 88
1223 1333 0
1333 1526 12
1526 1797 71
1797 2016 19
2016 2154 77
1796 2251 59
2154 2251 34
40 131 0
1145 1222 0
1221 1330 0
41 136 0
131 445 37
1222 1331 69
1330 1524 18
136 450 18
2251 2311 31
4 42 48
42 137 83
137 451 62
42 138 0
138 452 69
452 747 46
747 927 58
927 1057 58
42 139 0
139 453 36
453 748 27
451 1147 23
1057 1147 96
748 1147 62
1147 1224 94
1224 1334 100
1334 1527 81
1527 1798 73
1334 1528 0
1528 1799 21
1799 2017 71
2017 2155 30
2155 2252 33
1334 1529 0
1529 1800 88
1800 2018 39
2018 2156 69
1798 2312 91
2252 2312 52
2156 2312 15
4 43 0
43 141 14
141 455 36
43 142 0
142 456 21
456 749 77
749 928 70
928 1058 25
43 143 0
143 457 17
457 750 50
43 144 0
144 458 73
458 751 52
455 1148 67
1058 1148 45
750 1148 41
751 1148 79
1148 1225 68
1225 1336 82
1336 1532 81
1532 1802 66
1802 2019 83
2019 2157 10
1336 1533 0
1533 1803 69
1803 2020 71
2020 2158 63
1336 1534 0
1534 1804 11
1804 2021 17
2021 2159 71
2159 2253 21
1336 1535 0
1535 1805 71
2157 2313 12
2158 2313 49
2253 2313 61
1805 2313 75
42 140 0
1224 1335 0
1334 1530 0
43 145 0
140 454 16
1335 1531 51
1530 1801 50
145 459 96
2313 2346 43
5 44 95
44 146 79
146 460 91
44 147 0
147 461 92
461 752 92
752 929 14
44 148 0
148 462 47
462 753 23
753 930 94
930 1059 85
44 149 0
149 463 92
463 754 98
754 931 93
931 1060 50
44 150 0
150 464 90
464 755 15
755 932 22
460 1149 25
929 1149 92
1059 1149 47
1060 1149 83
932 1149 82
1149 1226 38
1226 1337 85
1337 1536 54
1536 1806 25
1337 1537 0
1537 1807 64
1807 2022 27
1337 1538 0
1538 1808 68
1808 2023 95
2023 2160 60
1806 2254 93
2022 2254 69
2160 2254 22
5 45 0
45 152 49
152 466 42
466 756 97
45 153 0
153 467 24
467 757 51
757 933 75
45 154 0
154 468 24
468 758 14
758 934 60
45 155 0
155 469 11
45 156 0
156 470 42
470 759 25
756 1061 43
933 1061 30
934 1061 56
469 1061 82
759 1061 98
1061 1150 51
1150 1227 26
1227 1339 51
1339 1541 99
1541 1810 43
1227 1340 0
1340 1542 53
1542 1811 80
1227 1341 0
1341 1543 34
1543 1812 34
1227 1342 0
1342 1544 80
1227 1343 0
1343 1545 33
1545 1813 41
1813 2024 30
2024 2161 14
1810 2255 17
1811 2255 32
1812 2255 49
1544 2255 28
2161 2255 67
44 151 0
1226 1338 0
1337 1539 0
45 157 0
151 465 69
1338 1540 90
1539 1809 48
157 471 54
2255 2314 81
6 46 68
46 158 70
158 472 59
472 760 71
46 159 0
159 473 59
473 761 64
761 935 37
46 160 0
160 474 58
760 1062 43
935 1062 62
474 1062 81
1062 1151 91
1151 1228 44
1228 1344 58
1344 1546 62
1546 1814 35
1814 2025 54
1228 1345 0
1345 1547 14
1547 1815 55
1228 1346 0
1346 1548 91
2025 2162 60
1815 2162 20
1548 2162 86
6 47 0
47 162 20
162 476 21
47 163 0
163 477 12
477 762 65
476 936 51
762 936 63
936 1063 36
1063 1152 50
1152 1230 12
1230 1349 51
1349 1550 74
1152 1231 0
1231 1350 72
1350 1551 19
1551 1816 34
1816 2026 59
1152 1232 0
1232 1351 48
1550 2163 84
2026 2163 46
1351 2163 90
46 161 0
1151 1229 0
1228 1347 0
47 164 0
161 475 13
1229 1348 66
1347 1549 98
164 478 37
2163 2256 77
7 48 58
48 165 41
165 479 79
479 763 10
48 166 0
166 480 46
480 764 76
48 167 0
167 481 47
481 765 54
48 168 0
168 482 99
482 766 73
766 937 51
763 1064 61
764 1064 37
765 1064 17
937 1064 48
1064 1153 55
1153 1233 11
1233 1352 98
1352 1552 78
1552 1817 64
1817 2027 33
1233 1353 0
1353 1553 99
1553 1818 26
1818 2028 93
2027 2164 92
2028 2164 71
7 49 0
49 170 98
170 484 42
49 171 0
171 485 19
49 172 0
172 486 76
486 767 57
767 938 62
49 173 0
173 487 34
49 174 0
174 488 51
488 768 41
484 1065 99
485 1065 87
938 1065 11
487 1065 19
768 1065 100
1065 1154 96
1154 1235 54
1235 1356 36
1356 1555 91
1555 1819 72
1235 1357 0
1357 1556 48
1556 1820 27
1820 2029 22
2029 2165 45
1235 1358 0
1358 1557 59
1557 1821 94
1821 2030 83
1819 2257 36
2165 2257 79
2030 2257 84
48 169 0
1153 1234 0
1233 1354 0
49 175 0
169 483 89
1234 1355 28
1354 1554 75
175 489 95
2257 2315 41
8 50 58
50 176 90
176 490 70
490 769 48
50 177 0
177 491 13
491 770 63
770 939 49
50 178 0
178 492 60
492 771 82
771 940 68
940 1066 52
769 1155 84
939 1155 82
1066 1155 18
1155 1236 21
1236 1359 21
1359 1558 76
1558 1822 59
1359 1559 0
1559 1823 21
1823 2031 71
2031 2166 80
1359 1560 0
1560 1824 28
1822 2258 60
2166 2258 73
1824 2258 13
8 51 0
51 180 39
180 494 12
51 181 0
181 495 10
494 772 68
495 772 92
772 941 22
941 1067 81
1067 1156 84
1156 1237 85
1237 1361 57
1067 1157 0
1157 1238 100
1238 1362 33
1067 1158 0
1158 1239 71
1239 1363 99
1363 1563 58
1563 1826 10
1361 2032 62
1362 2032 15
1826 2032 68
50 179 0
1236 1360 0
1359 1561 0
51 182 0
179 493 28
1360 1562 48
1561 1825 90
182 496 77
2032 2167 17
9 52 45
52 183 73
183 497 10
52 184 0
184 498 51
52 185 0
185 499 84
499 773 22
773 942 42
942 1068 87
52 186 0
186 500 28
500 774 27
497 1159 22
498 1159 40
1068 1159 47
774 1159 55
1159 1240 60
1240 1364 32
1364 1564 96
1564 1827 71
1827 2033 66
2033 2168 43
2168 2259 45
1364 1565 0
1565 1828 54
1828 2034 96
2034 2169 73
2169 2260 70
1364 1566 0
1566 1829 65
1829 2035 29
2035 2170 25
2170 2261 11
1364 1567 0
1567 1830 23
2259 2316 25
2260 2316 14
2261 2316 48
1830 2316 42
9 53 0
53 188 74
188 502 54
502 775 48
775 943 97
53 189 0
189 503 86
503 776 23
776 944 27
53 190 0
190 504 48
504 777 98
943 1069 100
944 1069 11
777 1069 99
1069 1160 89
1160 1241 96
1241 1366 14
1366 1570 45
1570 1832 74
1832 2036 61
2036 2171 100
1241 1367 0
1367 1571 84
1571 1833 20
1833 2037 22
2171 2262 51
2037 2262 87
52 187 0
1240 1365 0
1364 1568 0
53 191 0
187 501 23
1365 1569 24
1568 1831 82
191 505 99
2262 2317 61
10 54 85
54 192 97
192 506 87
54 193 0
193 507 72
507 778 89
778 945 40
506 1070 38
945 1070 72
1070 1161 34
1161 1242 55
1242 1368 83
1368 1572 90
1572 1834 37
1834 2038 99
1242 1369 0
1369 1573 37
1242 1370 0
1370 1574 27
1242 1371 0
1371 1575 95
1575 1835 86
1835 2039 48
2039 2172 62
1242 1372 0
1372 1576 28
1576 1836 30
1836 2040 73
2038 2263 79
1573 2263 94
1574 2263 63
2172 2263 58
2040 2263 97
10 55 0
55 195 79
195 509 42
55 196 0
196 510 75
510 779 33
779 946 46
55 197 0
197 511 66
511 780 95
780 947 50
947 1071 30
509 1162 17
946 1162 95
1071 1162 73
1162 1244 51
1244 1375 50
1375 1578 75
1578 1837 63
1375 1579 0
1579 1838 66
1838 2041 62
2041 2173 77
2173 2264 75
1837 2318 41
2264 2318 40
54 194 0
1161 1243 0
1242 1373 0
55 198 0
194 508 77
1243 1374 94
1373 1577 56
198 512 67
2318 2347 66
11 56 11
56 199 35
199 513 95
513 781 89
781 948 40
56 200 0
200 514 23
514 782 14
56 201 0
201 515 95
56 202 0
202 516 97
516 783 72
783 949 60
948 1072 75
782 1072 58
515 1072 13
949 1072 39
1072 1163 24
1163 1245 69
1245 1376 25
1376 1580 38
1580 1839 17
1839 2042 11
1245 1377 0
1377 1581 47
1581 1840 56
2042 2174 55
1840 2174 80
11 57 0
57 204 80
204 518 62
518 784 81
57 205 0
205 519 41
519 785 96
57 206 0
206 520 45
784 950 47
785 950 52
520 950 55
950 1073 80
1073 1164 49
1164 1247 58
1247 1380 47
1380 1583 59
1583 1841 19
1164 1248 0
1248 1381 47
1381 1584 11
1841 2043 56
1584 2043 38
56 203 0
1163 1246 0
1245 1378 0
57 207 0
203 517 64
1246 1379 96
1378 1582 44
207 521 69
2043 2175 56
12 58 85
58 208 62
208 522 29
522 786 86
786 951 14
951 1074 80
58 209 0
209 523 92
58 210 0
210 524 71
524 787 11
787 952 10
952 1075 52
58 211 0
211 525 59
525 788 53
788 953 94
953 1076 62
58 212 0
212 526 43
526 789 81
789 954 41
1074 1165 95
523 1165 44
1075 1165 81
1076 1165 59
954 1165 41
1165 1249 18
1249 1382 72
1382 1585 20
1585 1842 70
1382 1586 0
1586 1843 33
1843 2044 66
1382 1587 0
1587 1844 17
1844 2045 36
2045 2176 60
1842 2265 62
2044 2265 56
2176 2265 41
12 59 0
59 214 52
214 528 60
59 215 0
215 529 97
529 790 58
790 955 54
59 216 0
216 530 74
530 791 21
791 956 86
59 217 0
217 531 65
59 218 0
218 532 33
532 792 85
792 957 60
528 1077 47
955 1077 44
956 1077 100
531 1077 65
957 1077 22
1077 1166 99
1166 1250 70
1250 1384 13
1384 1590 30
1590 1846 34
1846 2046 43
1250 1385 0
1385 1591 24
1591 1847 38
1847 2047 16
2047 2177 42
1250 1386 0
1386 1592 36
1592 1848 84
1848 2048 66
2046 2266 91
2177 2266 24
2048 2266 88
58 213 0
1249 1383 0
1382 1588 0
59 219 0
213 527 85
1383 1589 87
1588 1845 70
219 533 96
2266 2319 29
13 60 30
60 220 61
220 534 61
534 793 22
793 958 30
958 1078 34
60 221 0
221 535 81
535 794 90
794 959 55
959 1079 84
60 222 0
222 536 49
1078 1167 88
1079 1167 46
536 1167 30
1167 1251 28
1251 1387 24
1387 1593 49
1593 1849 88
1387 1594 0
1594 1850 87
1850 2049 35
1387 1595 0
1595 1851 28
1849 2178 14
2049 2178 62
1851 2178 54
13 61 0
61 224 37
224 538 46
538 795 88
61 225 0
225 539 26
539 796 34
61 226 0
226 540 24
61 227 0
227 541 82
541 797 50
797 960 23
61 228 0
228 542 76
542 798 99
798 961 75
795 1080 44
796 1080 48
540 1080 15
960 1080 53
961 1080 42
1080 1168 17
1168 1252 33
1252 1389 55
1389 1598 88
1598 1853 22
1853 2050 30
1252 1390 0
1390 1599 90
1599 1854 80
1854 2051 79
2051 2179 50
1252 1391 0
1391 1600 17
1600 1855 63
1252 1392 0
1392 1601 22
1601 1856 50
2050 2267 96
2179 2267 82
1855 2267 25
1856 2267 80
60 223 0
1251 1388 0
1387 1596 0
61 229 0
223 537 98
1388 1597 87
1596 1852 80
229 543 45
2267 2320 39
14 62 21
62 230 23
230 544 57
544 799 28
62 231 0
231 545 84
545 800 87
800 962 77
62 232 0
232 546 30
546 801 81
801 963 81
62 233 0
233 547 43
547 802 26
802 964 96
964 1081 26
799 1169 71
962 1169 33
963 1169 25
1081 1169 26
1169 1253 20
1253 1393 27
1393 1602 56
1602 1857 46
1857 2052 16
2052 2180 20
2180 2268 35
1393 1603 0
1603 1858 86
1393 1604 0
1604 1859 84
1859 2053 31
2053 2181 49
1393 1605 0
1605 1860 35
1860 2054 98
2054 2182 40
2182 2269 70
2268 2321 33
1858 2321 77
2181 2321 38
2269 2321 57
14 63 0
63 235 62
235 549 86
549 803 32
803 965 58
63 236 0
236 550 91
63 237 0
237 551 34
551 804 22
804 966 13
965 1082 63
550 1082 26
966 1082 68
1082 1170 39
1170 1254 33
1254 1395 97
1395 1608 96
1254 1396 0
1396 1609 94
1254 1397 0
1397 1610 60
1254 1398 0
1398 1611 37
1611 1862 68
1862 2055 97
2055 2183 33
1254 1399 0
1399 1612 26
1612 1863 11
1608 2270 50
1609 2270 93
1610 2270 15
2183 2270 60
1863 2270 32
62 234 0
1253 1394 0
1393 1606 0
63 238 0
234 548 87
1394 1607 12
1606 1861 63
238 552 77
2270 2322 13
15 64 88
64 239 48
239 553 68
553 805 51
805 967 95
967 1083 82
64 240 0
240 554 29
554 806 97
806 968 44
968 1084 44
1083 1171 94
1084 1171 78
1171 1255 98
1255 1400 52
1400 1613 46
1613 1864 43
1400 1614 0
1614 1865 73
1865 2056 91
2056 2184 30
2184 2271 24
1400 1615 0
1615 1866 55
1864 2323 95
2271 2323 54
1866 2323 96
15 65 0
65 242 93
242 556 21
556 807 31
65 243 0
243 557 88
557 808 46
808 969 32
807 1085 35
969 1085 13
1085 1172 56
1172 1256 56
1256 1402 73
1402 1618 76
1618 1868 39
1868 2057 33
1256 1403 0
1403 1619 93
1619 1869 45
1869 2058 97
2058 2185 31
1256 1404 0
1404 1620 86
1620 1870 68
1256 1405 0
1405 1621 26
1621 1871 92
1256 1406 0
1406 1622 36
1622 1872 27
1872 2059 91
2057 2272 76
2185 2272 51
1870 2272 86
1871 2272 85
2059 2272 50
64 241 0
1255 1401 0
1400 1616 0
65 244 0
241 555 12
1401 1617 90
1616 1867 95
244 558 76
2272 2324 44
16 66 27
66 245 97
245 559 15
559 809 77
809 970 85
970 1086 26
66 246 0
246 560 95
560 810 70
66 247 0
247 561 27
66 248 0
248 562 71
562 811 37
811 971 54
971 1087 46
1086 1173 40
810 1173 56
561 1173 25
1087 1173 24
1173 1257 14
1257 1407 91
1407 1623 97
1623 1873 87
1873 2060 51
2060 2186 52
1407 1624 0
1624 1874 43
1874 2061 20
2061 2187 33
2186 2273 17
2187 2273 81
16 67 0
67 250 66
250 564 87
564 812 100
67 251 0
251 565 56
565 813 54
67 252 0
252 566 17
566 814 100
814 972 19
972 1088 66
67 253 0
253 567 48
567 815 68
815 973 85
812 1174 28
813 1174 96
1088 1174 21
973 1174 91
1174 1258 54
1258 1409 11
1409 1627 47
1627 1876 66
1876 2062 57
2062 2188 40
2188 2274 86
1409 1628 0
1628 1877 27
1877 2063 79
1409 1629 0
1629 1878 92
1878 2064 92
2274 2325 85
2063 2325 40
2064 2325 27
66 249 0
1257 1408 0
1407 1625 0
67 254 0
249 563 51
1408 1626 60
1625 1875 52
254 568 93
2325 2348 66
17 68 85
68 255 71
255 569 31
68 256 0
256 570 80
570 816 66
816 974 11
68 257 0
257 571 62
571 817 70
817 975 71
975 1089 20
569 1175 88
974 1175 89
1089 1175 15
1175 1259 84
1259 1410 98
1410 1630 96
1630 1879 88
1410 1631 0
1631 1880 33
1880 2065 96
1879 2189 38
2065 2189 20
17 69 0
69 259 66
259 573 62
573 818 76
818 976 38
976 1090 60
69 260 0
260 574 56
574 819 54
69 261 0
261 575 74
575 820 59
820 977 28
69 262 0
262 576 29
69 263 0
263 577 42
577 821 59
821 978 18
978 1091 59
1090 1176 49
819 1176 22
977 1176 15
576 1176 64
1091 1176 34
1176 1260 64
1260 1412 42
1412 1634 61
1634 1882 83
1882 2066 70
1412 1635 0
1635 1883 37
1883 2067 80
2067 2190 86
2190 2275 83
1412 1636 0
1636 1884 51
1884 2068 81
2068 2191 35
2191 2276 16
1412 1637 0
1637 1885 94
1885 2069 39
1412 1638 0
1638 1886 67
1886 2070 68
2070 2192 72
2192 2277 86
2066 2326 29
2275 2326 22
2276 2326 20
2069 2326 41
2277 2326 29
68 258 0
1259 1411 0
1410 1632 0
69 264 0
258 572 80
1411 1633 49
1632 1881 81
264 578 43
2326 2349 49
18 70 41
70 265 58
265 579 29
579 822 34
822 979 36
979 1092 29
70 266 0
266 580 15
70 267 0
267 581 85
581 823 12
70 268 0
268 582 92
582 824 63
1092 1177 72
580 1177 14
823 1177 94
824 1177 57
1177 1261 13
1261 1413 23
1413 1639 37
1639 1887 84
1887 2071 20
2071 2193 34
1413 1640 0
1640 1888 44
1413 1641 0
1641 1889 74
1889 2072 66
2072 2194 30
2194 2278 27
1413 1642 0
1642 1890 45
1890 2073 15
2073 2195 66
2195 2279 39
1413 1643 0
1643 1891 96
1891 2074 25
2074 2196 84
2193 2327 61
1888 2327 77
2278 2327 96
2279 2327 24
2196 2327 12
18 71 0
71 270 70
270 584 48
584 825 88
71 271 0
271 585 98
585 826 37
826 980 97
980 1093 75
71 272 0
272 586 21
586 827 97
827 981 33
981 1094 86
71 273 0
273 587 75
587 828 78
828 982 53
982 1095 66
71 274 0
274 588 35
588 829 78
829 983 52
825 1178 96
1093 1178 59
1094 1178 45
1095 1178 49
983 1178 30
1178 1262 52
1262 1415 48
1415 1646 83
1646 1893 82
1415 1647 0
1647 1894 14
1894 2075 51
2075 2197 74
1893 2280 10
2197 2280 51
70 269 0
1261 1414 0
1413 1644 0
71 275 0
269 583 79
1414 1645 69
1644 1892 22
275 589 87
2280 2328 17
19 72 17
72 276 36
276 590 59
590 830 38
830 984 86
984 1096 71
72 277 0
277 591 62
591 831 48
72 278 0
278 592 42
592 832 57
832 985 17
72 279 0
279 593 17
593 833 50
833 986 38
986 1097 14
1096 1179 82
831 1179 87
985 1179 79
1097 1179 14
1179 1263 94
1263 1416 78
1416 1648 69
1648 1895 77
1895 2076 20
2076 2198 39
2198 2281 53
1416 1649 0
1649 1896 100
1416 1650 0
1650 1897 93
1416 1651 0
1651 1898 88
1416 1652 0
1652 1899 13
2281 2329 92
1896 2329 75
1897 2329 17
1898 2329 45
1899 2329 63
19 73 0
73 281 29
281 595 78
73 282 0
282 596 59
596 834 84
834 987 24
987 1098 14
595 1180 34
1098 1180 85
1180 1264 52
1264 1418 47
1418 1655 21
1655 1901 49
1418 1656 0
1656 1902 29
1902 2077 93
1901 2199 10
2077 2199 35
72 280 0
1263 1417 0
1416 1653 0
73 283 0
280 594 14
1417 1654 69
1653 1900 63
283 597 12
2199 2282 67
20 74 86
74 284 79
284 598 53
598 835 84
74 285 0
285 599 46
599 836 63
836 988 86
74 286 0
286 600 16
600 837 69
837 989 95
989 1099 93
74 287 0
287 601 79
601 838 74
838 990 65
74 288 0
288 602 98
602 839 14
839 991 86
835 1181 26
988 1181 87
1099 1181 28
990 1181 95
991 1181 85
1181 1265 21
1265 1419 10
1419 1657 85
1657 1903 80
1419 1658 0
1658 1904 30
1904 2078 36
2078 2200 72
2200 2283 15
1419 1659 0
1659 1905 87
1419 1660 0
1660 1906 61
1906 2079 84
2079 2201 91
1903 2330 48
2283 2330 93
1905 2330 25
2201 2330 16
20 75 0
75 290 19
290 604 18
604 840 80
840 992 13
75 291 0
291 605 73
605 841 20
75 292 0
292 606 54
75 293 0
293 607 33
607 842 33
842 993 17
993 1100 16
75 294 0
294 608 29
608 843 76
843 994 38
994 1101 50
992 1182 55
841 1182 95
606 1182 53
1100 1182 79
1101 1182 32
1182 1266 41
1266 1421 88
1421 1663 79
1663 1908 69
1908 2080 76
1421 1664 0
1664 1909 73
1909 2081 53
2081 2202 36
2202 2284 89
1421 1665 0
1665 1910 54
1910 2082 70
2080 2331 31
2284 2331 52
2082 2331 86
74 289 0
1265 1420 0
1419 1661 0
75 295 0
289 603 22
1420 1662 33
1661 1907 11
295 609 57
2331 2350 96
21 76 14
76 296 95
296 610 71
76 297 0
297 611 54
611 844 74
844 995 57
76 298 0
298 612 10
612 845 56
845 996 67
996 1102 21
610 1183 57
995 1183 77
1102 1183 34
1183 1267 57
1267 1422 47
1422 1666 22
1666 1911 92
1422 1667 0
1667 1912 53
1912 2083 54
2083 2203 14
2203 2285 48
1422 1668 0
1668 1913 87
1913 2084 13
1422 1669 0
1669 1914 26
1914 2085 79
2085 2204 31
2204 2286 72
1911 2332 38
2285 2332 98
2084 2332 76
2286 2332 20
21 77 0
77 300 26
300 614 91
614 846 34
846 997 77
997 1103 72
77 301 0
301 615 45
77 302 0
302 616 35
616 847 56
847 998 47
77 303 0
303 617 59
617 848 59
848 999 92
1103 1184 57
615 1184 62
998 1184 31
999 1184 64
1184 1268 62
1268 1424 77
1424 1672 79
1672 1916 22
1916 2086 72
2086 2205 16
2205 2287 64
1424 1673 0
1673 1917 95
1917 2087 100
2087 2206 14
2287 2333 74
2206 2333 93
76 299 0
1267 1423 0
1422 1670 0
77 304 0
299 613 91
1423 1671 90
1670 1915 33
304 618 56
2333 2351 99
22 78 86
78 305 31
305 619 93
619 849 92
78 306 0
306 620 10
620 850 29
850 1000 40
1000 1104 48
78 307 0
307 621 66
621 851 26
851 1001 23
78 308 0
308 622 43
622 852 46
852 1002 68
1002 1105 42
78 309 0
309 623 24
623 853 81
849 1185 99
1104 1185 98
1001 1185 87
1105 1185 74
853 1185 39
1185 1269 24
1269 1425 14
1425 1674 21
1674 1918 20
1425 1675 0
1675 1919 30
1919 2088 29
1425 1676 0
1676 1920 10
1920 2089 16
2089 2207 86
1425 1677 0
1677 1921 24
1921 2090 39
2090 2208 26
1425 1678 0
1678 1922 47
1918 2288 44
2088 2288 72
2207 2288 14
2208 2288 23
1922 2288 100
22 79 0
79 311 26
311 625 69
625 854 11
79 312 0
312 626 44
626 855 57
855 1003 12
79 313 0
313 627 11
627 856 27
856 1004 100
79 314 0
314 628 18
79 315 0
315 629 10
629 857 28
857 1005 98
854 1106 79
1003 1106 86
1004 1106 95
628 1106 62
1005 1106 72
1106 1186 63
1186 1270 41
1270 1427 29
1427 1681 45
1681 1924 66
1270 1428 0
1428 1682 47
1682 1925 55
1270 1429 0
1429 1683 38
1924 2091 86
1925 2091 87
1683 2091 56
78 310 0
1269 1426 0
1425 1679 0
79 316 0
310 624 72
1426 1680 22
1679 1923 88
316 630 83
2091 2209 23
23 80 78
80 317 22
317 631 77
631 858 88
80 318 0
318 632 42
632 859 77
80 319 0
319 633 95
633 860 42
80 320 0
320 634 62
634 861 34
861 1006 58
858 1107 91
859 1107 61
860 1107 43
1006 1107 18
1107 1187 10
1187 1271 37
1271 1430 46
1430 1684 11
1684 1926 41
1271 1431 0
1431 1685 16
1685 1927 81
1927 2092 75
1271 1432 0
1432 1686 51
1686 1928 56
1928 2093 57
1271 1433 0
1433 1687 76
1687 1929 30
1271 1434 0
1434 1688 52
1926 2210 86
2092 2210 28
2093 2210 91
1929 2210 17
1688 2210 76
23 81 0
81 322 61
322 636 31
636 862 61
862 1007 76
1007 1108 29
81 323 0
323 637 50
81 324 0
324 638 25
638 863 39
863 1008 61
1008 1109 32
1108 1188 63
637 1188 75
1109 1188 63
1188 1273 55
1273 1437 94
1437 1690 11
1690 1930 53
1930 2094 11
2094 2211 15
2211 2289 85
1437 1691 0
1691 1931 91
1931 2095 23
2095 2212 52
1437 1692 0
1692 1932 52
1932 2096 42
2289 2334 97
2212 2334 47
2096 2334 31
80 321 0
1187 1272 0
1271 1435 0
81 325 0
321 635 81
1272 1436 78
1435 1689 23
325 639 27
2334 2352 75
24 82 75
82 326 99
326 640 97
82 327 0
327 641 90
641 864 84
864 1009 90
82 328 0
328 642 88
642 865 58
82 329 0
329 643 82
643 866 96
866 1010 77
640 1110 14
1009 1110 47
865 1110 94
1010 1110 76
1110 1189 32
1189 1274 68
1274 1438 72
1438 1693 97
1274 1439 0
1439 1694 50
1694 1933 84
1693 2097 55
1933 2097 84
24 83 0
83 331 46
331 645 32
645 867 40
867 1011 41
1011 1111 33
83 332 0
332 646 70
83 333 0
333 647 81
647 868 83
868 1012 37
83 334 0
334 648 42
648 869 17
83 335 0
335 649 29
649 870 98
870 1013 25
1013 1112 77
1111 1190 81
646 1190 39
1012 1190 13
869 1190 54
1112 1190 59
1190 1276 45
1276 1442 18
1442 1696 27
1696 1934 68
1934 2098 32
2098 2213 64
2213 2290 54
1442 1697 0
1697 1935 88
1442 1698 0
1698 1936 67
1936 2099 25
2099 2214 74
1442 1699 0
1699 1937 42
1442 1700 0
1700 1938 17
1938 2100 44
2100 2215 44
2290 2335 86
1935 2335 50
2214 2335 71
1937 2335 11
2215 2335 90
82 330 0
1189 1275 0
1274 1440 0
83 336 0
330 644 30
1275 1441 18
1440 1695 52
336 650 87
2335 2353 43
25 84 87
84 337 80
337 651 20
84 338 0
338 652 71
652 871 91
84 339 0
339 653 82
653 872 35
872 1014 59
651 1113 36
871 1113 60
1014 1113 11
1113 1191 65
1191 1277 61
1277 1443 57
1443 1701 34
1701 1939 51
1939 2101 79
2101 2216 81
1277 1444 0
1444 1702 91
1702 1940 68
1277 1445 0
1445 1703 24
1703 1941 89
1277 1446 0
1446 1704 26
1704 1942 38
1942 2102 79
2102 2217 73
1277 1447 0
1447 1705 37
1705 1943 11
2216 2291 82
1940 2291 52
1941 2291 38
2217 2291 48
1943 2291 97
25 85 0
85 341 97
341 655 74
85 342 0
342 656 18
656 873 19
873 1015 32
1015 1114 54
85 343 0
343 657 77
657 874 66
874 1016 96
655 1192 48
1114 1192 25
1016 1192 28
1192 1279 80
1279 1450 63
1450 1707 73
1707 1944 91
1944 2103 51
2103 2218 79
2218 2292 14
1450 1708 0
1708 1945 80
1945 2104 88
2104 2219 93
1450 1709 0
1709 1946 54
1450 1710 0
1710 1947 19
1947 2105 63
1450 1711 0
1711 1948 47
1948 2106 85
2106 2220 34
2292 2336 72
2219 2336 85
1946 2336 99
2105 2336 49
2220 2336 61
84 340 0
1191 1278 0
1277 1448 0
85 344 0
340 654 97
1278 1449 83
1448 1706 47
344 658 45
2336 2354 41
26 86 88
86 345 15
345 659 91
659 875 48
86 346 0
346 660 85
86 347 0
347 661 15
661 876 73
876 1017 64
1017 1115 87
86 348 0
348 662 13
86 349 0
349 663 87
663 877 30
877 1018 11
875 1193 81
660 1193 25
1115 1193 13
662 1193 58
1018 1193 86
1193 1280 15
1280 1451 51
1451 1712 79
1712 1949 15
1949 2107 88
2107 2221 55
1451 1713 0
1713 1950 77
1950 2108 61
2108 2222 19
1451 1714 0
1714 1951 84
1951 2109 57
2109 2223 17
1451 1715 0
1715 1952 40
2221 2293 96
2222 2293 95
2223 2293 60
1952 2293 94
26 87 0
87 351 52
351 665 10
665 878 94
878 1019 67
1019 1116 17
87 352 0
352 666 15
1116 1194 95
666 1194 11
1194 1281 98
1281 1453 25
1453 1718 88
1718 1954 36
1954 2110 94
2110 2224 100
1453 1719 0
1719 1955 47
1955 2111 86
1453 1720 0
1720 1956 89
1956 2112 94
2112 2225 85
2225 2294 70
1453 1721 0
1721 1957 60
1957 2113 77
2113 2226 69
2226 2295 41
2224 2337 86
2111 2337 69
2294 2337 69
2295 2337 17
86 350 0
1280 1452 0
1451 1716 0
87 353 0
350 664 100
1452 1717 44
1716 1953 22
353 667 67
2337 2355 28
27 88 28
88 354 79
354 668 74
668 879 78
88 355 0
355 669 26
669 880 80
880 1020 88
88 356 0
356 670 98
88 357 0
357 671 86
671 881 35
881 1021 45
879 1117 10
1020 1117 86
670 1117 42
1021 1117 99
1117 1195 87
1195 1282 92
1282 1454 32
1454 1722 69
1722 1958 32
1958 2114 74
1282 1455 0
1455 1723 70
1723 1959 49
1959 2115 19
2114 2227 66
2115 2227 69
27 89 0
89 359 63
359 673 97
673 882 16
882 1022 92
1022 1118 65
89 360 0
360 674 26
674 883 49
89 361 0
361 675 51
675 884 49
884 1023 33
1023 1119 17
89 362 0
362 676 94
676 885 64
885 1024 52
1024 1120 73
1118 1196 28
883 1196 14
1119 1196 25
1120 1196 45
1196 1284 69
1284 1458 26
1458 1725 69
1725 1960 34
1458 1726 0
1726 1961 79
1961 2116 63
2116 2228 69
2228 2296 34
1960 2338 84
2296 2338 26
88 358 0
1195 1283 0
1282 1456 0
89 363 0
358 672 63
1283 1457 63
1456 1724 30
363 677 80
2338 2356 49
28 90 59
90 364 100
364 678 32
90 365 0
365 679 75
679 886 23
90 366 0
366 680 74
680 887 23
678 1025 33
886 1025 29
887 1025 77
1025 1121 39
1121 1197 26
1197 1285 55
1285 1459 54
1459 1727 26
1727 1962 66
1197 1286 0
1286 1460 19
1460 1728 64
1728 1963 87
1197 1287 0
1287 1461 81
1197 1288 0
1288 1462 86
1462 1729 90
1962 2117 27
1963 2117 50
1461 2117 92
1729 2117 40
28 91 0
91 368 20
368 682 41
682 888 21
888 1026 69
91 369 0
369 683 74
683 889 65
1026 1122 25
889 1122 31
1122 1199 52
1199 1291 87
1291 1464 67
1464 1730 91
1291 1465 0
1465 1731 48
1291 1466 0
1466 1732 79
1732 1964 76
1291 1467 0
1467 1733 48
1733 1965 19
1965 2118 77
2118 2229 75
1730 2297 61
1731 2297 35
1964 2297 70
2229 2297 33
90 367 0
1121 1198 0
1197 1289 0
91 370 0
367 681 26
1198 1290 38
1289 1463 91
370 684 37
2297 2339 80
29 92 55
92 371 11
371 685 59
685 890 12
890 1027 63
92 372 0
372 686 38
1027 1123 56
686 1123 28
1123 1200 80
1200 1292 50
1292 1468 71
1468 1734 93
1734 1966 16
1966 2119 43
2119 2230 18
1292 1469 0
1469 1735 26
1735 1967 36
1292 1470 0
1470 1736 82
1736 1968 61
1968 2120 88
2120 2231 29
1292 1471 0
1471 1737 67
1737 1969 29
1969 2121 68
2230 2298 99
1967 2298 85
2231 2298 92
2121 2298 49
29 93 0
93 374 26
374 688 24
688 891 65
93 375 0
375 689 59
93 376 0
376 690 59
690 892 52
892 1028 39
1028 1124 88
93 377 0
377 691 24
691 893 92
893 1029 77
1029 1125 12
891 1201 67
689 1201 30
1124 1201 48
1125 1201 82
1201 1294 47
1294 1474 64
1474 1739 83
1739 1970 38
1970 2122 10
2122 2232 59
2232 2299 79
1474 1740 0
1740 1971 22
1971 2123 19
2123 2233 31
2233 2300 72
1474 1741 0
1741 1972 67
1972 2124 71
2124 2234 62
1474 1742 0
1742 1973 98
1973 2125 46
2299 2340 31
2300 2340 43
2234 2340 54
2125 2340 21
92 373 0
1200 1293 0
1292 1472 0
93 378 0
373 687 18
1293 1473 48
1472 1738 81
378 692 59
2340 2357 76
30 94 90
94 379 42
379 693 76
693 894 41
94 380 0
380 694 85
894 1030 41
694 1030 78
1030 1126 53
1126 1202 61
1202 1295 73
1295 1475 99
1475 1743 44
1202 1296 0
1296 1476 46
1743 1974 14
1476 1974 78
30 95 0
95 382 50
382 696 100
696 895 34
895 1031 49
1031 1127 27
95 383 0
383 697 91
697 896 81
896 1032 64
1032 1128 82
95 384 0
384 698 80
95 385 0
385 699 82
699 897 68
897 1033 26
95 386 0
386 700 98
700 898 68
898 1034 52
1034 1129 67
1127 1204 74
1128 1204 94
698 1204 80
1033 1204 85
1129 1204 29
1204 1299 42
1299 1478 95
1478 1744 62
1744 1975 50
1975 2126 60
2126 2235 72
1478 1745 0
1745 1976 85
1976 2127 13
2235 2301 46
2127 2301 27
94 381 0
1126 1203 0
1202 1297 0
95 387 0
381 695 86
1203 1298 47
1297 1477 22
387 701 56
2301 2341 29
31 96 88
96 388 35
388 702 83
702 899 91
96 389 0
389 703 59
703 900 65
900 1035 44
1035 1130 78
96 390 0
390 704 26
704 901 67
901 1036 74
96 391 0
391 705 95
705 902 20
902 1037 87
899 1205 73
1130 1205 58
1036 1205 31
1037 1205 15
1205 1300 29
1300 1479 41
1479 1746 80
1746 1977 62
1977 2128 95
2128 2236 44
1479 1747 0
1747 1978 63
1978 2129 88
1479 1748 0
1748 1979 65
1979 2130 11
2130 2237 91
2237 2302 51
1479 1749 0
1749 1980 88
1980 2131 100
2131 2238 62
1479 1750 0
1750 1981 78
2236 2342 65
2129 2342 63
2302 2342 86
2238 2342 91
1981 2342 89
31 97 0
97 393 89
393 707 61
707 903 16
903 1038 93
97 394 0
394 708 92
708 904 18
904 1039 71
1038 1131 83
1039 1131 23
1131 1206 31
1206 1301 12
1301 1481 84
1481 1753 96
1301 1482 0
1482 1754 19
1754 1983 89
1983 2132 65
1301 1483 0
1483 1755 29
1755 1984 66
1301 1484 0
1484 1756 58
1756 1985 22
1301 1485 0
1485 1757 62
1757 1986 42
1753 2239 48
2132 2239 61
1984 2239 54
1985 2239 31
1986 2239 86
96 392 0
1300 1480 0
1479 1751 0
97 395 0
392 706 27
1480 1752 91
1751 1982 89
395 709 55
2239 2303 68
32 98 16
98 396 35
396 710 84
710 905 57
905 1040 18
98 397 0
397 711 64
98 398 0
398 712 49
712 906 34
98 399 0
399 713 43
98 400 0
400 714 65
714 907 36
907 1041 80
1041 1132 68
1040 1207 95
711 1207 16
906 1207 31
713 1207 92
1132 1207 24
1207 1302 92
1302 1486 39
1486 1758 21
1758 1987 98
1987 2133 23
1486 1759 0
1759 1988 64
1988 2134 25
2134 2240 53
2240 2304 24
1486 1760 0
1760 1989 69
1486 1761 0
1761 1990 16
1990 2135 65
2135 2241 57
2241 2305 76
2133 2343 17
2304 2343 39
1989 2343 62
2305 2343 23
32 99 0
99 402 94
402 716 29
99 403 0
403 717 61
717 908 42
908 1042 54
1042 1133 61
99 404 0
404 718 61
99 405 0
405 719 53
719 909 59
909 1043 90
1043 1134 19
716 1208 25
1133 1208 98
718 1208 73
1134 1208 21
1208 1303 35
1303 1488 13
1488 1764 14
1764 1992 18
1488 1765 0
1765 1993 42
1993 2136 72
1488 1766 0
1766 1994 85
1994 2137 33
2137 2242 62
2242 2306 75
1488 1767 0
1767 1995 33
1995 2138 40
2138 2243 99
2243 2307 32
1488 1768 0
1768 1996 78
1996 2139 88
1992 2344 27
2136 2344 86
2306 2344 15
2307 2344 44
2139 2344 50
98 401 0
1302 1487 0
1486 1762 0
99 406 0
401 715 93
1487 1763 19
1762 1991 70
406 720 77
2344 2358 74
33 100 96
100 407 78
407 721 90
721 910 80
910 1044 11
100 408 0
408 722 69
100 409 0
409 723 26
723 911 36
911 1045 86
1044 1135 37
722 1135 51
1045 1135 90
1135 1209 44
1209 1304 88
1304 1489 86
1489 1769 28
1304 1490 0
1490 1770 12
1769 1997 88
1770 1997 14
33 101 0
101 411 56
411 725 97
725 912 19
912 1046 56
1046 1136 98
101 412 0
412 726 94
726 913 16
913 1047 82
1047 1137 57
101 413 0
413 727 38
727 914 91
101 414 0
414 728 55
1136 1210 34
1137 1210 29
914 1210 17
728 1210 48
1210 1306 99
1306 1493 75
1493 1772 97
1772 1998 12
1493 1773 0
1773 1999 67
1998 2140 20
1999 2140 20
100 410 0
1209 1305 0
1304 1491 0
101 415 0
410 724 27
1305 1492 17
1491 1771 67
415 729 28
2140 2244 81
2309 2359 32
2247 2359 68
2345 2359 54
2311 2359 100
2346 2359 57
2314 2359 83
2256 2359 45
2315 2359 36
2167 2359 80
2317 2359 95
2347 2359 37
2175 2359 99
2319 2359 17
2320 2359 20
2322 2359 91
2324 2359 20
2348 2359 77
2349 2359 62
2328 2359 60
2282 2359 93
2350 2359 66
2351 2359 20
2209 2359 37
2352 2359 98
2353 2359 54
2354 2359 81
2355 2359 67
2356 2359 13
2339 2359 66
2357 2359 86
2341 2359 38
2303 2359 43
2358 2359 27
2244 2359 12
