2360 2704
0 34 33
34 102 18
102 416 19
416 730 53
730 915 65
915 1048 30
34 103 0
103 417 50
34 104 0
104 418 71
418 731 60
731 916 82
916 1049 46
34 105 0
105 419 70
419 732 16
732 917 58
34 106 0
106 420 73
1048 1138 53
417 1138 44
1049 1138 83
917 1138 57
420 1138 88
1138 1211 87
1211 1307 61
1307 1494 39
1494 1774 61
1774 2000 87
2000 2141 60
1307 1495 0
1495 1775 77
1775 2001 18
2001 2142 56
2142 2245 44
1307 1496 0
1496 1776 74
1776 2002 45
2002 2143 72
2141 2308 45
2245 2308 24
2143 2308 93
0 35 0
35 108 69
108 422 99
35 109 0
109 423 21
423 733 38
733 918 77
422 1050 39
918 1050 92
1050 1139 58
1139 1212 34
1212 1309 78
1309 1499 33
1499 1778 27
1212 1310 0
1310 1500 35
1212 1311 0
1311 1501 17
1212 1312 0
1312 1502 23
1502 1779 94
1779 2003 45
2003 2144 73
1212 1313 0
1313 1503 21
1503 1780 34
1780 2004 43
1778 2246 55
1500 2246 84
1501 2246 22
2144 2246 57
2004 2246 81
34 107 0
1211 1308 0
1307 1497 0
35 110 0
107 421 89
1308 1498 16
1497 1777 23
110 424 98
2246 2309 57
1 36 26
36 111 17
111 425 72
425 734 19
36 112 0
112 426 20
36 113 0
113 427 35
427 735 92
36 114 0
114 428 52
734 919 29
426 919 24
735 919 98
428 919 68
919 1051 100
1051 1140 78
1140 1213 77
1213 1314 99
1314 1504 47
1504 1781 57
1781 2005 67
1140 1214 0
1214 1315 85
1315 1505 85
1505 1782 62
2005 2145 30
1782 2145 83
1 37 0
37 116 12
116 430 78
430 736 59
37 117 0
117 431 88
431 737 36
737 920 29
920 1052 39
37 118 0
118 432 73
37 119 0
119 433 74
736 1142 74
1052 1142 58
432 1142 53
433 1142 24
1142 1217 23
1217 1317 41
1317 1506 77
1506 1783 46
1783 2006 80
1317 1507 0
1507 1784 31
1317 1508 0
1508 1785 33
1785 2007 36
2006 2146 88
1784 2146 62
2007 2146 84
36 115 0
1051 1141 0
1140 1215 0
37 120 0
115 429 36
1141 1216 39
1215 1316 48
120 434 44
2146 2247 23
2 38 27
38 121 36
121 435 59
435 738 16
738 921 14
38 122 0
122 436 92
38 123 0
123 437 48
437 739 23
921 1053 47
436 1053 69
739 1053 29
1053 1143 11
1143 1218 37
1218 1318 25
1318 1509 32
1509 1786 20
1786 2008 59
2008 2147 53
1218 1319 0
1319 1510 13
1218 1320 0
1320 1511 77
1511 1787 86
1787 2009 14
1218 1321 0
1321 1512 79
1512 1788 58
1788 2010 97
2010 2148 17
2147 2248 49
1510 2248 85
2009 2248 70
2148 2248 58
2 39 0
39 125 74
125 439 61
39 126 0
126 440 58
440 740 14
740 922 46
922 1054 96
39 127 0
127 441 21
441 741 25
439 1144 70
1054 1144 93
741 1144 75
1144 1220 24
1220 1324 63
1324 1514 91
1514 1789 64
1789 2011 83
2011 2149 42
2149 2249 91
1324 1515 0
1515 1790 50
1790 2012 43
2012 2150 20
2150 2250 50
1324 1516 0
1516 1791 91
1791 2013 16
2013 2151 81
1324 1517 0
1517 1792 84
1324 1518 0
1518 1793 61
1793 2014 95
2014 2152 89
2249 2310 11
2250 2310 53
2151 2310 48
1792 2310 90
2152 2310 25
38 124 0
1143 1219 0
1218 1322 0
39 128 0
124 438 22
1219 1323 61
1322 1513 47
128 442 53
2310 2345 53
3 40 18
40 129 28
129 443 35
443 742 69
742 923 89
40 130 0
130 444 31
444 743 71
743 924 45
923 1055 26
924 1055 25
1055 1145 51
1145 1221 16
1221 1325 96
1325 1519 32
1221 1326 0
1326 1520 84
1520 1794 46
1794 2015 83
1221 1327 0
1327 1521 29
1521 1795 26
1221 1328 0
1328 1522 64
1221 1329 0
1329 1523 73
1519 2153 77
2015 2153 82
1795 2153 30
1522 2153 51
1523 2153 25
3 41 0
41 132 80
132 446 96
41 133 0
133 447 83
447 744 61
744 925 25
41 134 0
134 448 73
448 745 46
745 926 48
41 135 0
135 449 76
449 746 20
446 1056 35
925 1056 82
926 1056 17
746 1056 55
1056 1146 99
1146 1223 100
1223 1332 74
1332 1525 15
1525 1796 75
1223 1333 0
1333 1526 70
1526 1797 33
1797 2016 84
2016 2154 99
1796 2251 42
2154 2251 51
40 131 0
1145 1222 0
1221 1330 0
41 136 0
131 445 100
1222 1331 32
1330 1524 84
136 450 42
2251 2311 50
4 42 31
42 137 53
137 451 62
42 138 0
138 452 29
452 747 27
747 927 80
927 1057 80
42 139 0
139 453 14
453 748 78
451 1147 30
1057 1147 82
748 1147 58
1147 1224 26
1224 1334 63
1334 1527 80
1527 1798 54
1334 1528 0
1528 1799 17
1799 2017 93
2017 2155 73
2155 2252 18
1334 1529 0
1529 1800 63
1800 2018 13
2018 2156 35
1798 2312 75
2252 2312 54
2156 2312 95
4 43 0
43 141 12
141 455 10
43 142 0
142 456 52
456 749 44
749 928 56
928 1058 22
43 143 0
143 457 81
457 750 34
43 144 0
144 458 76
458 751 48
455 1148 81
1058 1148 33
750 1148 67
751 1148 27
1148 1225 79
1225 1336 33
1336 1532 59
1532 1802 30
1802 2019 38
2019 2157 47
1336 1533 0
1533 1803 32
1803 2020 80
2020 2158 46
1336 1534 0
1534 1804 43
1804 2021 68
2021 2159 98
2159 2253 45
1336 1535 0
1535 1805 93
2157 2313 95
2158 2313 55
2253 2313 50
1805 2313 77
42 140 0
1224 1335 0
1334 1530 0
43 145 0
140 454 28
1335 1531 41
1530 1801 84
145 459 93
2313 2346 31
5 44 99
44 146 94
146 460 84
44 147 0
147 461 79
461 752 40
752 929 18
44 148 0
148 462 55
462 753 48
753 930 15
930 1059 28
44 149 0
149 463 29
463 754 76
754 931 10
931 1060 24
44 150 0
150 464 10
464 755 48
755 932 72
460 1149 25
929 1149 82
1059 1149 71
1060 1149 51
932 1149 20
1149 1226 98
1226 1337 56
1337 1536 42
1536 1806 76
1337 1537 0
1537 1807 19
1807 2022 90
1337 1538 0
1538 1808 21
1808 2023 100
2023 2160 23
1806 2254 69
2022 2254 84
2160 2254 67
5 45 0
45 152 100
152 466 97
466 756 54
45 153 0
153 467 11
467 757 13
757 933 60
45 154 0
154 468 71
468 758 37
758 934 32
45 155 0
155 469 50
45 156 0
156 470 23
470 759 89
756 1061 31
933 1061 24
934 1061 41
469 1061 14
759 1061 83
1061 1150 99
1150 1227 38
1227 1339 99
1339 1541 92
1541 1810 26
1227 1340 0
1340 1542 39
1542 1811 69
1227 1341 0
1341 1543 13
1543 1812 30
1227 1342 0
1342 1544 55
1227 1343 0
1343 1545 74
1545 1813 51
1813 2024 100
2024 2161 46
1810 2255 23
1811 2255 83
1812 2255 19
1544 2255 89
2161 2255 73
44 151 0
1226 1338 0
1337 1539 0
45 157 0
151 465 29
1338 1540 56
1539 1809 20
157 471 87
2255 2314 27
6 46 37
46 158 21
158 472 41
472 760 88
46 159 0
159 473 21
473 761 64
761 935 69
46 160 0
160 474 53
760 1062 73
935 1062 100
474 1062 24
1062 1151 32
1151 1228 78
1228 1344 67
1344 1546 61
1546 1814 45
1814 2025 24
1228 1345 0
1345 1547 72
1547 1815 79
1228 1346 0
1346 1548 98
2025 2162 60
1815 2162 60
1548 2162 100
6 47 0
47 162 33
162 476 79
47 163 0
163 477 15
477 762 79
476 936 21
762 936 94
936 1063 25
1063 1152 24
1152 1230 78
1230 1349 71
1349 1550 40
1152 1231 0
1231 1350 13
1350 1551 56
1551 1816 34
1816 2026 93
1152 1232 0
1232 1351 60
1550 2163 41
2026 2163 16
1351 2163 71
46 161 0
1151 1229 0
1228 1347 0
47 164 0
161 475 76
1229 1348 48
1347 1549 11
164 478 50
2163 2256 86
7 48 39
48 165 19
165 479 58
479 763 90
48 166 0
166 480 90
480 764 89
48 167 0
167 481 59
481 765 91
48 168 0
168 482 76
482 766 79
766 937 59
763 1064 19
764 1064 56
765 1064 57
937 1064 58
1064 1153 96
1153 1233 81
1233 1352 87
1352 1552 61
1552 1817 69
1817 2027 55
1233 1353 0
1353 1553 94
1553 1818 100
1818 2028 79
2027 2164 64
2028 2164 91
7 49 0
49 170 53
170 484 70
49 171 0
171 485 72
49 172 0
172 486 23
486 767 35
767 938 91
49 173 0
173 487 53
49 174 0
174 488 59
488 768 19
484 1065 57
485 1065 85
938 1065 50
487 1065 82
768 1065 25
1065 1154 81
1154 1235 47
1235 1356 25
1356 1555 27
1555 1819 73
1235 1357 0
1357 1556 91
1556 1820 78
1820 2029 55
2029 2165 15
1235 1358 0
1358 1557 49
1557 1821 98
1821 2030 14
1819 2257 53
2165 2257 100
2030 2257 44
48 169 0
1153 1234 0
1233 1354 0
49 175 0
169 483 79
1234 1355 69
1354 1554 58
175 489 76
2257 2315 30
8 50 36
50 176 22
176 490 54
490 769 23
50 177 0
177 491 39
491 770 98
770 939 59
50 178 0
178 492 37
492 771 18
771 940 52
940 1066 26
769 1155 39
939 1155 49
1066 1155 93
1155 1236 49
1236 1359 38
1359 1558 66
1558 1822 55
1359 1559 0
1559 1823 35
1823 2031 24
2031 2166 54
1359 1560 0
1560 1824 97
1822 2258 74
2166 2258 39
1824 2258 54
8 51 0
51 180 94
180 494 70
51 181 0
181 495 61
494 772 85
495 772 55
772 941 78
941 1067 39
1067 1156 89
1156 1237 99
1237 1361 83
1067 1157 0
1157 1238 53
1238 1362 67
1067 1158 0
1158 1239 33
1239 1363 54
1363 1563 28
1563 1826 45
1361 2032 55
1362 2032 52
1826 2032 53
50 179 0
1236 1360 0
1359 1561 0
51 182 0
179 493 53
1360 1562 48
1561 1825 82
182 496 96
2032 2167 47
9 52 17
52 183 59
183 497 28
52 184 0
184 498 57
52 185 0
185 499 94
499 773 74
773 942 83
942 1068 88
52 186 0
186 500 29
500 774 75
497 1159 20
498 1159 24
1068 1159 18
774 1159 57
1159 1240 17
1240 1364 24
1364 1564 28
1564 1827 78
1827 2033 47
2033 2168 78
2168 2259 15
1364 1565 0
1565 1828 40
1828 2034 82
2034 2169 90
2169 2260 88
1364 1566 0
1566 1829 92
1829 2035 41
2035 2170 45
2170 2261 38
1364 1567 0
1567 1830 47
2259 2316 19
2260 2316 85
2261 2316 74
1830 2316 91
9 53 0
53 188 82
188 502 36
502 775 92
775 943 69
53 189 0
189 503 83
503 776 54
776 944 39
53 190 0
190 504 97
504 777 38
943 1069 53
944 1069 100
777 1069 24
1069 1160 61
1160 1241 74
1241 1366 96
1366 1570 88
1570 1832 75
1832 2036 87
2036 2171 21
1241 1367 0
1367 1571 11
1571 1833 41
1833 2037 11
2171 2262 86
2037 2262 36
52 187 0
1240 1365 0
1364 1568 0
53 191 0
187 501 31
1365 1569 43
1568 1831 12
191 505 63
2262 2317 96
10 54 32
54 192 74
192 506 25
54 193 0
193 507 97
507 778 39
778 945 27
506 1070 27
945 1070 13
1070 1161 93
1161 1242 68
1242 1368 79
1368 1572 84
1572 1834 69
1834 2038 78
1242 1369 0
1369 1573 26
1242 1370 0
1370 1574 64
1242 1371 0
1371 1575 18
1575 1835 71
1835 2039 22
2039 2172 72
1242 1372 0
1372 1576 24
1576 1836 38
1836 2040 19
2038 2263 85
1573 2263 23
1574 2263 26
2172 2263 68
2040 2263 54
10 55 0
55 195 65
195 509 32
55 196 0
196 510 94
510 779 70
779 946 66
55 197 0
197 511 72
511 780 44
780 947 100
947 1071 43
509 1162 30
946 1162 44
1071 1162 36
1162 1244 87
1244 1375 10
1375 1578 85
1578 1837 70
1375 1579 0
1579 1838 54
1838 2041 25
2041 2173 90
2173 2264 57
1837 2318 39
2264 2318 85
54 194 0
1161 1243 0
1242 1373 0
55 198 0
194 508 18
1243 1374 78
1373 1577 38
198 512 69
2318 2347 64
11 56 67
56 199 10
199 513 60
513 781 87
781 948 31
56 200 0
200 514 36
514 782 31
56 201 0
201 515 15
56 202 0
202 516 42
516 783 99
783 949 88
948 1072 40
782 1072 80
515 1072 74
949 1072 46
1072 1163 96
1163 1245 30
1245 1376 15
1376 1580 59
1580 1839 12
1839 2042 19
1245 1377 0
1377 1581 68
1581 1840 98
2042 2174 43
1840 2174 64
11 57 0
57 204 40
204 518 35
518 784 42
57 205 0
205 519 71
519 785 69
57 206 0
206 520 79
784 950 54
785 950 20
520 950 20
950 1073 76
1073 1164 36
1164 1247 92
1247 1380 59
1380 1583 65
1583 1841 98
1164 1248 0
1248 1381 89
1381 1584 73
1841 2043 10
1584 2043 55
56 203 0
1163 1246 0
1245 1378 0
57 207 0
203 517 41
1246 1379 80
1378 1582 32
207 521 50
2043 2175 47
12 58 56
58 208 32
208 522 34
522 786 32
786 951 71
951 1074 94
58 209 0
209 523 75
58 210 0
210 524 13
524 787 90
787 952 98
952 1075 43
58 211 0
211 525 85
525 788 22
788 953 89
953 1076 20
58 212 0
212 526 88
526 789 13
789 954 38
1074 1165 33
523 1165 52
1075 1165 80
1076 1165 77
954 1165 15
1165 1249 81
1249 1382 42
1382 1585 36
1585 1842 20
1382 1586 0
1586 1843 67
1843 2044 33
1382 1587 0
1587 1844 90
1844 2045 78
2045 2176 92
1842 2265 38
2044 2265 37
2176 2265 43
12 59 0
59 214 36
214 528 60
59 215 0
215 529 33
529 790 78
790 955 85
59 216 0
216 530 52
530 791 98
791 956 41
59 217 0
217 531 44
59 218 0
218 532 29
532 792 87
792 957 62
528 1077 30
955 1077 27
956 1077 26
531 1077 62
957 1077 18
1077 1166 30
1166 1250 82
1250 1384 82
1384 1590 61
1590 1846 28
1846 2046 51
1250 1385 0
1385 1591 78
1591 1847 52
1847 2047 76
2047 2177 93
1250 1386 0
1386 1592 18
1592 1848 30
1848 2048 90
2046 2266 25
2177 2266 82
2048 2266 33
58 213 0
1249 1383 0
1382 1588 0
59 219 0
213 527 49
1383 1589 80
1588 1845 18
219 533 41
2266 2319 48
13 60 65
60 220 69
220 534 77
534 793 70
793 958 55
958 1078 56
60 221 0
221 535 68
535 794 88
794 959 53
959 1079 95
60 222 0
222 536 86
1078 1167 13
1079 1167 85
536 1167 15
1167 1251 59
1251 1387 77
1387 1593 65
1593 1849 29
1387 1594 0
1594 1850 40
1850 2049 81
1387 1595 0
1595 1851 41
1849 2178 91
2049 2178 25
1851 2178 12
13 61 0
61 224 51
224 538 40
538 795 47
61 225 0
225 539 28
539 796 50
61 226 0
226 540 86
61 227 0
227 541 28
541 797 100
797 960 95
61 228 0
228 542 13
542 798 84
798 961 22
795 1080 46
796 1080 75
540 1080 45
960 1080 37
961 1080 35
1080 1168 88
1168 1252 26
1252 1389 60
1389 1598 45
1598 1853 13
1853 2050 85
1252 1390 0
1390 1599 32
1599 1854 34
1854 2051 20
2051 2179 16
1252 1391 0
1391 1600 72
1600 1855 80
1252 1392 0
1392 1601 74
1601 1856 40
2050 2267 39
2179 2267 63
1855 2267 92
1856 2267 92
60 223 0
1251 1388 0
1387 1596 0
61 229 0
223 537 51
1388 1597 59
1596 1852 98
229 543 44
2267 2320 84
14 62 58
62 230 92
230 544 86
544 799 16
62 231 0
231 545 71
545 800 24
800 962 48
62 232 0
232 546 72
546 801 81
801 963 68
62 233 0
233 547 87
547 802 58
802 964 24
964 1081 85
799 1169 83
962 1169 64
963 1169 34
1081 1169 57
1169 1253 54
1253 1393 68
1393 1602 87
1602 1857 94
1857 2052 91
2052 2180 28
2180 2268 36
1393 1603 0
1603 1858 84
1393 1604 0
1604 1859 63
1859 2053 81
2053 2181 64
1393 1605 0
1605 1860 100
1860 2054 31
2054 2182 99
2182 2269 43
2268 2321 70
1858 2321 43
2181 2321 81
2269 2321 11
14 63 0
63 235 39
235 549 56
549 803 98
803 965 30
63 236 0
236 550 94
63 237 0
237 551 97
551 804 70
804 966 51
965 1082 25
550 1082 29
966 1082 80
1082 1170 53
1170 1254 64
1254 1395 37
1395 1608 88
1254 1396 0
1396 1609 75
1254 1397 0
1397 1610 88
1254 1398 0
1398 1611 38
1611 1862 52
1862 2055 60
2055 2183 96
1254 1399 0
1399 1612 70
1612 1863 33
1608 2270 58
1609 2270 58
1610 2270 49
2183 2270 98
1863 2270 40
62 234 0
1253 1394 0
1393 1606 0
63 238 0
234 548 59
1394 1607 58
1606 1861 85
238 552 19
2270 2322 25
15 64 67
64 239 97
239 553 41
553 805 34
805 967 92
967 1083 92
64 240 0
240 554 91
554 806 14
806 968 43
968 1084 16
1083 1171 19
1084 1171 13
1171 1255 94
1255 1400 15
1400 1613 78
1613 1864 36
1400 1614 0
1614 1865 84
1865 2056 86
2056 2184 35
2184 2271 41
1400 1615 0
1615 1866 79
1864 2323 17
2271 2323 15
1866 2323 26
15 65 0
65 242 80
242 556 38
556 807 56
65 243 0
243 557 32
557 808 36
808 969 86
807 1085 75
969 1085 70
1085 1172 42
1172 1256 35
1256 1402 91
1402 1618 62
1618 1868 97
1868 2057 81
1256 1403 0
1403 1619 85
1619 1869 94
1869 2058 10
2058 2185 29
1256 1404 0
1404 1620 19
1620 1870 81
1256 1405 0
1405 1621 66
1621 1871 92
1256 1406 0
1406 1622 73
1622 1872 48
1872 2059 86
2057 2272 70
2185 2272 98
1870 2272 57
1871 2272 82
2059 2272 94
64 241 0
1255 1401 0
1400 1616 0
65 244 0
241 555 32
1401 1617 88
1616 1867 17
244 558 29
2272 2324 77
16 66 96
66 245 34
245 559 62
559 809 31
809 970 32
970 1086 12
66 246 0
246 560 52
560 810 44
66 247 0
247 561 75
66 248 0
248 562 55
562 811 29
811 971 76
971 1087 14
1086 1173 51
810 1173 91
561 1173 72
1087 1173 35
1173 1257 66
1257 1407 85
1407 1623 62
1623 1873 53
1873 2060 100
2060 2186 81
1407 1624 0
1624 1874 42
1874 2061 29
2061 2187 34
2186 2273 91
2187 2273 68
16 67 0
67 250 52
250 564 42
564 812 16
67 251 0
251 565 67
565 813 43
67 252 0
252 566 87
566 814 89
814 972 45
972 1088 96
67 253 0
253 567 86
567 815 37
815 973 79
812 1174 34
813 1174 15
1088 1174 76
973 1174 75
1174 1258 81
1258 1409 19
1409 1627 20
1627 1876 57
1876 2062 65
2062 2188 50
2188 2274 91
1409 1628 0
1628 1877 31
1877 2063 65
1409 1629 0
1629 1878 77
1878 2064 42
2274 2325 60
2063 2325 71
2064 2325 44
66 249 0
1257 1408 0
1407 1625 0
67 254 0
249 563 62
1408 1626 29
1625 1875 11
254 568 37
2325 2348 47
17 68 38
68 255 18
255 569 11
68 256 0
256 570 90
570 816 94
816 974 66
68 257 0
257 571 54
571 817 59
817 975 42
975 1089 58
569 1175 73
974 1175 72
1089 1175 15
1175 1259 18
1259 1410 30
1410 1630 48
1630 1879 36
1410 1631 0
1631 1880 63
1880 2065 84
1879 2189 65
2065 2189 14
17 69 0
69 259 91
259 573 99
573 818 66
818 976 90
976 1090 75
69 260 0
260 574 16
574 819 85
69 261 0
261 575 99
575 820 63
820 977 17
69 262 0
262 576 75
69 263 0
263 577 16
577 821 15
821 978 97
978 1091 38
1090 1176 84
819 1176 49
977 1176 13
576 1176 24
1091 1176 81
1176 1260 68
1260 1412 51
1412 1634 50
1634 1882 74
1882 2066 81
1412 1635 0
1635 1883 54
1883 2067 13
2067 2190 46
2190 2275 18
1412 1636 0
1636 1884 49
1884 2068 23
2068 2191 88
2191 2276 30
1412 1637 0
1637 1885 30
1885 2069 60
1412 1638 0
1638 1886 51
1886 2070 13
2070 2192 34
2192 2277 66
2066 2326 91
2275 2326 35
2276 2326 50
2069 2326 28
2277 2326 49
68 258 0
1259 1411 0
1410 1632 0
69 264 0
258 572 71
1411 1633 46
1632 1881 77
264 578 56
2326 2349 35
18 70 25
70 265 16
265 579 49
579 822 57
822 979 18
979 1092 67
70 266 0
266 580 79
70 267 0
267 581 49
581 823 34
70 268 0
268 582 10
582 824 92
1092 1177 15
580 1177 60
823 1177 20
824 1177 37
1177 1261 69
1261 1413 15
1413 1639 69
1639 1887 25
1887 2071 16
2071 2193 43
1413 1640 0
1640 1888 25
1413 1641 0
1641 1889 33
1889 2072 19
2072 2194 78
2194 2278 96
1413 1642 0
1642 1890 78
1890 2073 96
2073 2195 26
2195 2279 55
1413 1643 0
1643 1891 76
1891 2074 22
2074 2196 37
2193 2327 97
1888 2327 59
2278 2327 67
2279 2327 42
2196 2327 76
18 71 0
71 270 77
270 584 64
584 825 95
71 271 0
271 585 18
585 826 88
826 980 76
980 1093 67
71 272 0
272 586 30
586 827 24
827 981 11
981 1094 16
71 273 0
273 587 64
587 828 21
828 982 76
982 1095 44
71 274 0
274 588 88
588 829 42
829 983 40
825 1178 35
1093 1178 94
1094 1178 98
1095 1178 67
983 1178 46
1178 1262 39
1262 1415 66
1415 1646 43
1646 1893 75
1415 1647 0
1647 1894 42
1894 2075 41
2075 2197 81
1893 2280 51
2197 2280 81
70 269 0
1261 1414 0
1413 1644 0
71 275 0
269 583 10
1414 1645 74
1644 1892 36
275 589 60
2280 2328 68
19 72 37
72 276 78
276 590 29
590 830 86
830 984 16
984 1096 71
72 277 0
277 591 61
591 831 25
72 278 0
278 592 59
592 832 89
832 985 80
72 279 0
279 593 48
593 833 66
833 986 82
986 1097 31
1096 1179 41
831 1179 83
985 1179 14
1097 1179 14
1179 1263 72
1263 1416 71
1416 1648 86
1648 1895 60
1895 2076 22
2076 2198 93
2198 2281 26
1416 1649 0
1649 1896 28
1416 1650 0
1650 1897 28
1416 1651 0
1651 1898 30
1416 1652 0
1652 1899 82
2281 2329 48
1896 2329 80
1897 2329 43
1898 2329 98
1899 2329 29
19 73 0
73 281 16
281 595 72
73 282 0
282 596 42
596 834 44
834 987 50
987 1098 92
595 1180 41
1098 1180 55
1180 1264 46
1264 1418 84
1418 1655 17
1655 1901 26
1418 1656 0
1656 1902 57
1902 2077 65
1901 2199 64
2077 2199 10
72 280 0
1263 1417 0
1416 1653 0
73 283 0
280 594 87
1417 1654 39
1653 1900 81
283 597 50
2199 2282 71
20 74 97
74 284 91
284 598 43
598 835 33
74 285 0
285 599 78
599 836 34
836 988 95
74 286 0
286 600 72
600 837 12
837 989 97
989 1099 80
74 287 0
287 601 34
601 838 54
838 990 49
74 288 0
288 602 23
602 839 82
839 991 24
835 1181 73
988 1181 98
1099 1181 89
990 1181 26
991 1181 78
1181 1265 50
1265 1419 92
1419 1657 54
1657 1903 91
1419 1658 0
1658 1904 18
1904 2078 10
2078 2200 11
2200 2283 89
1419 1659 0
1659 1905 43
1419 1660 0
1660 1906 19
1906 2079 34
2079 2201 91
1903 2330 80
2283 2330 43
1905 2330 16
2201 2330 77
20 75 0
75 290 32
290 604 51
604 840 81
840 992 74
75 291 0
291 605 78
605 841 18
75 292 0
292 606 82
75 293 0
293 607 66
607 842 83
842 993 19
993 1100 12
75 294 0
294 608 35
608 843 29
843 994 14
994 1101 93
992 1182 10
841 1182 91
606 1182 87
1100 1182 37
1101 1182 75
1182 1266 25
1266 1421 17
1421 1663 32
1663 1908 92
1908 2080 57
1421 1664 0
1664 1909 95
1909 2081 85
2081 2202 27
2202 2284 49
1421 1665 0
1665 1910 84
1910 2082 27
2080 2331 71
2284 2331 49
2082 2331 52
74 289 0
1265 1420 0
1419 1661 0
75 295 0
289 603 17
1420 1662 73
1661 1907 46
295 609 92
2331 2350 20
21 76 19
76 296 66
296 610 29
76 297 0
297 611 50
611 844 20
844 995 95
76 298 0
298 612 56
612 845 99
845 996 36
996 1102 28
610 1183 31
995 1183 65
1102 1183 71
1183 1267 66
1267 1422 51
1422 1666 70
1666 1911 13
1422 1667 0
1667 1912 44
1912 2083 91
2083 2203 20
2203 2285 71
1422 1668 0
1668 1913 28
1913 2084 95
1422 1669 0
1669 1914 64
1914 2085 61
2085 2204 31
2204 2286 50
1911 2332 26
2285 2332 64
2084 2332 46
2286 2332 68
21 77 0
77 300 85
300 614 56
614 846 82
846 997 15
997 1103 81
77 301 0
301 615 41
77 302 0
302 616 49
616 847 16
847 998 80
77 303 0
303 617 97
617 848 67
848 999 10
1103 1184 11
615 1184 21
998 1184 58
999 1184 92
1184 1268 51
1268 1424 14
1424 1672 51
1672 1916 54
1916 2086 82
2086 2205 73
2205 2287 60
1424 1673 0
1673 1917 61
1917 2087 52
2087 2206 29
2287 2333 58
2206 2333 17
76 299 0
1267 1423 0
1422 1670 0
77 304 0
299 613 51
1423 1671 91
1670 1915 79
304 618 21
2333 2351 19
22 78 18
78 305 48
305 619 81
619 849 13
78 306 0
306 620 12
620 850 75
850 1000 82
1000 1104 93
78 307 0
307 621 64
621 851 36
851 1001 63
78 308 0
308 622 50
622 852 93
852 1002 49
1002 1105 81
78 309 0
309 623 34
623 853 53
849 1185 80
1104 1185 31
1001 1185 86
1105 1185 40
853 1185 100
1185 1269 27
1269 1425 50
1425 1674 39
1674 1918 22
1425 1675 0
1675 1919 11
1919 2088 48
1425 1676 0
1676 1920 36
1920 2089 22
2089 2207 72
1425 1677 0
1677 1921 26
1921 2090 11
2090 2208 12
1425 1678 0
1678 1922 64
1918 2288 77
2088 2288 35
2207 2288 34
2208 2288 96
1922 2288 46
22 79 0
79 311 30
311 625 64
625 854 84
79 312 0
312 626 98
626 855 23
855 1003 72
79 313 0
313 627 75
627 856 17
856 1004 97
79 314 0
314 628 41
79 315 0
315 629 91
629 857 52
857 1005 89
854 1106 77
1003 1106 99
1004 1106 27
628 1106 66
1005 1106 23
1106 1186 12
1186 1270 72
1270 1427 40
1427 1681 35
1681 1924 56
1270 1428 0
1428 1682 67
1682 1925 44
1270 1429 0
1429 1683 75
1924 2091 16
1925 2091 80
1683 2091 68
78 310 0
1269 1426 0
1425 1679 0
79 316 0
310 624 37
1426 1680 25
1679 1923 71
316 630 25
2091 2209 37
23 80 12
80 317 78
317 631 78
631 858 38
80 318 0
318 632 42
632 859 21
80 319 0
319 633 22
633 860 21
80 320 0
320 634 100
634 861 25
861 1006 47
858 1107 24
859 1107 93
860 1107 62
1006 1107 25
1107 1187 17
1187 1271 78
1271 1430 10
1430 1684 76
1684 1926 95
1271 1431 0
1431 1685 35
1685 1927 62
1927 2092 48
1271 1432 0
1432 1686 69
1686 1928 59
1928 2093 92
1271 1433 0
1433 1687 20
1687 1929 26
1271 1434 0
1434 1688 47
1926 2210 51
2092 2210 25
2093 2210 28
1929 2210 10
1688 2210 66
23 81 0
81 322 89
322 636 61
636 862 36
862 1007 77
1007 1108 17
81 323 0
323 637 66
81 324 0
324 638 40
638 863 41
863 1008 87
1008 1109 20
1108 1188 99
637 1188 19
1109 1188 24
1188 1273 92
1273 1437 23
1437 1690 83
1690 1930 50
1930 2094 15
2094 2211 19
2211 2289 50
1437 1691 0
1691 1931 91
1931 2095 77
2095 2212 60
1437 1692 0
1692 1932 24
1932 2096 44
2289 2334 17
2212 2334 77
2096 2334 17
80 321 0
1187 1272 0
1271 1435 0
81 325 0
321 635 77
1272 1436 35
1435 1689 56
325 639 59
2334 2352 72
24 82 19
82 326 79
326 640 66
82 327 0
327 641 40
641 864 32
864 1009 80
82 328 0
328 642 76
642 865 62
82 329 0
329 643 42
643 866 55
866 1010 71
640 1110 31
1009 1110 23
865 1110 53
1010 1110 28
1110 1189 82
1189 1274 43
1274 1438 79
1438 1693 76
1274 1439 0
1439 1694 77
1694 1933 90
1693 2097 44
1933 2097 96
24 83 0
83 331 41
331 645 40
645 867 56
867 1011 78
1011 1111 46
83 332 0
332 646 85
83 333 0
333 647 27
647 868 51
868 1012 43
83 334 0
334 648 100
648 869 21
83 335 0
335 649 42
649 870 45
870 1013 86
1013 1112 12
1111 1190 44
646 1190 89
1012 1190 16
869 1190 64
1112 1190 70
1190 1276 30
1276 1442 59
1442 1696 77
1696 1934 27
1934 2098 75
2098 2213 23
2213 2290 90
1442 1697 0
1697 1935 58
1442 1698 0
1698 1936 59
1936 2099 73
2099 2214 71
1442 1699 0
1699 1937 54
1442 1700 0
1700 1938 65
1938 2100 30
2100 2215 10
2290 2335 76
1935 2335 28
2214 2335 41
1937 2335 79
2215 2335 53
82 330 0
1189 1275 0
1274 1440 0
83 336 0
330 644 13
1275 1441 87
1440 1695 79
336 650 85
2335 2353 32
25 84 35
84 337 15
337 651 52
84 338 0
338 652 36
652 871 73
84 339 0
339 653 53
653 872 67
872 1014 11
651 1113 23
871 1113 68
1014 1113 99
1113 1191 78
1191 1277 50
1277 1443 91
1443 1701 91
1701 1939 91
1939 2101 99
2101 2216 86
1277 1444 0
1444 1702 50
1702 1940 85
1277 1445 0
1445 1703 16
1703 1941 82
1277 1446 0
1446 1704 68
1704 1942 92
1942 2102 41
2102 2217 92
1277 1447 0
1447 1705 86
1705 1943 21
2216 2291 49
1940 2291 30
1941 2291 81
2217 2291 85
1943 2291 80
25 85 0
85 341 62
341 655 59
85 342 0
342 656 92
656 873 53
873 1015 12
1015 1114 62
85 343 0
343 657 71
657 874 40
874 1016 91
655 1192 46
1114 1192 77
1016 1192 94
1192 1279 54
1279 1450 97
1450 1707 15
1707 1944 56
1944 2103 16
2103 2218 98
2218 2292 52
1450 1708 0
1708 1945 46
1945 2104 19
2104 2219 75
1450 1709 0
1709 1946 43
1450 1710 0
1710 1947 29
1947 2105 35
1450 1711 0
1711 1948 22
1948 2106 58
2106 2220 17
2292 2336 66
2219 2336 90
1946 2336 42
2105 2336 60
2220 2336 41
84 340 0
1191 1278 0
1277 1448 0
85 344 0
340 654 25
1278 1449 38
1448 1706 87
344 658 17
2336 2354 74
26 86 54
86 345 34
345 659 55
659 875 53
86 346 0
346 660 47
86 347 0
347 661 80
661 876 65
876 1017 82
1017 1115 49
86 348 0
348 662 77
86 349 0
349 663 50
663 877 52
877 1018 33
875 1193 44
660 1193 85
1115 1193 53
662 1193 79
1018 1193 31
1193 1280 82
1280 1451 63
1451 1712 70
1712 1949 10
1949 2107 89
2107 2221 84
1451 1713 0
1713 1950 29
1950 2108 13
2108 2222 75
1451 1714 0
1714 1951 96
1951 2109 65
2109 2223 21
1451 1715 0
1715 1952 62
2221 2293 72
2222 2293 29
2223 2293 44
1952 2293 44
26 87 0
87 351 67
351 665 12
665 878 31
878 1019 17
1019 1116 41
87 352 0
352 666 67
1116 1194 19
666 1194 40
1194 1281 88
1281 1453 53
1453 1718 74
1718 1954 22
1954 2110 34
2110 2224 59
1453 1719 0
1719 1955 79
1955 2111 54
1453 1720 0
1720 1956 26
1956 2112 62
2112 2225 83
2225 2294 99
1453 1721 0
1721 1957 35
1957 2113 11
2113 2226 92
2226 2295 32
2224 2337 81
2111 2337 11
2294 2337 67
2295 2337 12
86 350 0
1280 1452 0
1451 1716 0
87 353 0
350 664 64
1452 1717 39
1716 1953 39
353 667 28
2337 2355 12
27 88 88
88 354 18
354 668 89
668 879 97
88 355 0
355 669 69
669 880 77
880 1020 80
88 356 0
356 670 47
88 357 0
357 671 11
671 881 18
881 1021 56
879 1117 91
1020 1117 53
670 1117 47
1021 1117 95
1117 1195 36
1195 1282 89
1282 1454 96
1454 1722 32
1722 1958 56
1958 2114 87
1282 1455 0
1455 1723 87
1723 1959 69
1959 2115 44
2114 2227 11
2115 2227 44
27 89 0
89 359 37
359 673 30
673 882 96
882 1022 44
1022 1118 48
89 360 0
360 674 62
674 883 41
89 361 0
361 675 86
675 884 72
884 1023 48
1023 1119 48
89 362 0
362 676 26
676 885 67
885 1024 29
1024 1120 46
1118 1196 96
883 1196 35
1119 1196 14
1120 1196 78
1196 1284 37
1284 1458 29
1458 1725 51
1725 1960 60
1458 1726 0
1726 1961 84
1961 2116 42
2116 2228 41
2228 2296 86
1960 2338 53
2296 2338 61
88 358 0
1195 1283 0
1282 1456 0
89 363 0
358 672 66
1283 1457 76
1456 1724 91
363 677 24
2338 2356 58
28 90 95
90 364 69
364 678 63
90 365 0
365 679 73
679 886 62
90 366 0
366 680 52
680 887 74
678 1025 98
886 1025 74
887 1025 30
1025 1121 80
1121 1197 28
1197 1285 76
1285 1459 16
1459 1727 34
1727 1962 13
1197 1286 0
1286 1460 92
1460 1728 78
1728 1963 41
1197 1287 0
1287 1461 89
1197 1288 0
1288 1462 77
1462 1729 58
1962 2117 80
1963 2117 97
1461 2117 93
1729 2117 40
28 91 0
91 368 84
368 682 41
682 888 31
888 1026 83
91 369 0
369 683 60
683 889 41
1026 1122 65
889 1122 70
1122 1199 49
1199 1291 62
1291 1464 47
1464 1730 40
1291 1465 0
1465 1731 58
1291 1466 0
1466 1732 66
1732 1964 56
1291 1467 0
1467 1733 62
1733 1965 32
1965 2118 94
2118 2229 99
1730 2297 25
1731 2297 76
1964 2297 56
2229 2297 51
90 367 0
1121 1198 0
1197 1289 0
91 370 0
367 681 97
1198 1290 59
1289 1463 71
370 684 41
2297 2339 79
29 92 14
92 371 26
371 685 31
685 890 62
890 1027 89
92 372 0
372 686 86
1027 1123 65
686 1123 65
1123 1200 20
1200 1292 56
1292 1468 45
1468 1734 12
1734 1966 80
1966 2119 64
2119 2230 98
1292 1469 0
1469 1735 99
1735 1967 67
1292 1470 0
1470 1736 76
1736 1968 12
1968 2120 24
2120 2231 49
1292 1471 0
1471 1737 78
1737 1969 72
1969 2121 85
2230 2298 91
1967 2298 76
2231 2298 27
2121 2298 97
29 93 0
93 374 63
374 688 21
688 891 21
93 375 0
375 689 24
93 376 0
376 690 47
690 892 47
892 1028 88
1028 1124 43
93 377 0
377 691 17
691 893 100
893 1029 43
1029 1125 28
891 1201 32
689 1201 23
1124 1201 64
1125 1201 88
1201 1294 99
1294 1474 97
1474 1739 82
1739 1970 40
1970 2122 45
2122 2232 93
2232 2299 57
1474 1740 0
1740 1971 50
1971 2123 62
2123 2233 36
2233 2300 54
1474 1741 0
1741 1972 45
1972 2124 83
2124 2234 71
1474 1742 0
1742 1973 73
1973 2125 99
2299 2340 93
2300 2340 60
2234 2340 56
2125 2340 48
92 373 0
1200 1293 0
1292 1472 0
93 378 0
373 687 35
1293 1473 47
1472 1738 74
378 692 66
2340 2357 44
30 94 67
94 379 47
379 693 10
693 894 52
94 380 0
380 694 17
894 1030 10
694 1030 28
1030 1126 69
1126 1202 34
1202 1295 54
1295 1475 75
1475 1743 91
1202 1296 0
1296 1476 73
1743 1974 33
1476 1974 52
30 95 0
95 382 37
382 696 59
696 895 88
895 1031 52
1031 1127 69
95 383 0
383 697 59
697 896 67
896 1032 35
1032 1128 69
95 384 0
384 698 33
95 385 0
385 699 47
699 897 12
897 1033 100
95 386 0
386 700 87
700 898 48
898 1034 76
1034 1129 90
1127 1204 85
1128 1204 93
698 1204 58
1033 1204 80
1129 1204 69
1204 1299 89
1299 1478 59
1478 1744 25
1744 1975 62
1975 2126 70
2126 2235 81
1478 1745 0
1745 1976 77
1976 2127 34
2235 2301 85
2127 2301 21
94 381 0
1126 1203 0
1202 1297 0
95 387 0
381 695 73
1203 1298 22
1297 1477 44
387 701 69
2301 2341 27
31 96 67
96 388 98
388 702 73
702 899 84
96 389 0
389 703 79
703 900 24
900 1035 74
1035 1130 24
96 390 0
390 704 65
704 901 100
901 1036 59
96 391 0
391 705 81
705 902 39
902 1037 90
899 1205 21
1130 1205 88
1036 1205 84
1037 1205 99
1205 1300 12
1300 1479 70
1479 1746 20
1746 1977 14
1977 2128 99
2128 2236 44
1479 1747 0
1747 1978 75
1978 2129 80
1479 1748 0
1748 1979 95
1979 2130 15
2130 2237 87
2237 2302 41
1479 1749 0
1749 1980 56
1980 2131 92
2131 2238 61
1479 1750 0
1750 1981 84
2236 2342 55
2129 2342 63
2302 2342 78
2238 2342 88
1981 2342 92
31 97 0
97 393 96
393 707 37
707 903 50
903 1038 19
97 394 0
394 708 90
708 904 76
904 1039 44
1038 1131 54
1039 1131 48
1131 1206 97
1206 1301 78
1301 1481 82
1481 1753 95
1301 1482 0
1482 1754 30
1754 1983 91
1983 2132 11
1301 1483 0
1483 1755 54
1755 1984 91
1301 1484 0
1484 1756 77
1756 1985 86
1301 1485 0
1485 1757 69
1757 1986 34
1753 2239 72
2132 2239 39
1984 2239 94
1985 2239 92
1986 2239 22
96 392 0
1300 1480 0
1479 1751 0
97 395 0
392 706 78
1480 1752 85
1751 1982 65
395 709 93
2239 2303 24
32 98 84
98 396 76
396 710 40
710 905 87
905 1040 81
98 397 0
397 711 83
98 398 0
398 712 21
712 906 91
98 399 0
399 713 18
98 400 0
400 714 19
714 907 36
907 1041 41
1041 1132 27
1040 1207 68
711 1207 74
906 1207 73
713 1207 11
1132 1207 99
1207 1302 13
1302 1486 21
1486 1758 28
1758 1987 65
1987 2133 76
1486 1759 0
1759 1988 57
1988 2134 21
2134 2240 67
2240 2304 32
1486 1760 0
1760 1989 33
1486 1761 0
1761 1990 96
1990 2135 87
2135 2241 12
2241 2305 88
2133 2343 40
2304 2343 96
1989 2343 27
2305 2343 82
32 99 0
99 402 62
402 716 96
99 403 0
403 717 35
717 908 24
908 1042 19
1042 1133 48
99 404 0
404 718 56
99 405 0
405 719 39
719 909 41
909 1043 96
1043 1134 54
716 1208 68
1133 1208 75
718 1208 57
1134 1208 89
1208 1303 89
1303 1488 58
1488 1764 44
1764 1992 26
1488 1765 0
1765 1993 57
1993 2136 90
1488 1766 0
1766 1994 69
1994 2137 47
2137 2242 80
2242 2306 59
1488 1767 0
1767 1995 61
1995 2138 29
2138 2243 76
2243 2307 89
1488 1768 0
1768 1996 25
1996 2139 87
1992 2344 41
2136 2344 52
2306 2344 34
2307 2344 58
2139 2344 19
98 401 0
1302 1487 0
1486 1762 0
99 406 0
401 715 19
1487 1763 84
1762 1991 56
406 720 88
2344 2358 10
33 100 51
100 407 46
407 721 73
721 910 23
910 1044 35
100 408 0
408 722 79
100 409 0
409 723 53
723 911 88
911 1045 67
1044 1135 70
722 1135 48
1045 1135 78
1135 1209 65
1209 1304 60
1304 1489 82
1489 1769 42
1304 1490 0
1490 1770 64
1769 1997 21
1770 1997 81
33 101 0
101 411 63
411 725 28
725 912 40
912 1046 82
1046 1136 86
101 412 0
412 726 35
726 913 41
913 1047 53
1047 1137 65
101 413 0
413 727 16
727 914 52
101 414 0
414 728 35
1136 1210 84
1137 1210 88
914 1210 38
728 1210 41
1210 1306 92
1306 1493 54
1493 1772 25
1772 1998 36
1493 1773 0
1773 1999 19
1998 2140 48
1999 2140 31
100 410 0
1209 1305 0
1304 1491 0
101 415 0
410 724 80
1305 1492 25
1491 1771 13
415 729 93
2140 2244 21
2309 2359 35
2247 2359 21
2345 2359 34
2311 2359 24
2346 2359 61
2314 2359 95
2256 2359 30
2315 2359 85
2167 2359 74
2317 2359 67
2347 2359 85
2175 2359 78
2319 2359 30
2320 2359 37
2322 2359 81
2324 2359 37
2348 2359 71
2349 2359 18
2328 2359 61
2282 2359 43
2350 2359 59
2351 2359 27
2209 2359 67
2352 2359 83
2353 2359 88
2354 2359 56
2355 2359 46
2356 2359 12
2339 2359 63
2357 2359 11
2341 2359 74
2303 2359 52
2358 2359 47
2244 2359 99
