125 147
0 51 95
51 68 76
68 80 200
1 80 119
80 99 180
99 102 127
99 103 0
2 102 63
102 106 115
106 110 142
3 52 23
4 52 31
52 71 101
57 70 103
70 82 84
4 82 0
82 90 165
82 112 0
70 83 0
5 53 168
6 53 37
7 53 128
8 53 73
9 95 102
95 99 102
10 54 20
11 54 196
54 69 102
12 69 124
69 81 180
13 81 79
81 89 166
14 89 46
89 103 170
103 107 64
15 107 99
107 111 132
107 112 0
111 114 156
83 114 26
55 114 92
16 55 29
17 55 51
4 83 0
114 116 36
71 116 116
57 71 0
56 116 178
18 56 178
19 56 44
116 118 109
20 57 38
21 57 94
22 57 173
23 57 150
24 57 38
25 57 52
26 57 51
27 57 142
57 118 0
118 120 188
118 121 0
118 122 0
29 58 62
29 73 0
30 73 25
58 72 26
58 73 0
31 72 156
72 84 167
84 91 23
84 92 0
74 91 46
74 120 0
32 85 15
33 59 98
59 74 52
34 60 174
60 75 184
75 92 68
75 86 0
35 86 14
75 120 0
91 96 128
91 120 0
91 121 0
92 97 23
92 120 0
97 100 131
100 104 96
36 96 36
96 104 168
104 108 90
37 108 43
37 120 0
37 121 0
38 61 119
61 87 139
61 77 0
62 76 144
62 77 0
39 62 197
40 76 193
76 87 134
93 98 182
98 101 41
63 101 190
41 63 117
63 77 0
101 109 42
109 113 143
113 115 103
42 78 185
64 78 85
43 64 29
44 64 77
45 64 140
46 64 112
115 117 178
47 117 31
47 77 0
101 105 0
105 109 140
123 124 178
119 123 50
65 119 189
48 65 55
66 79 61
49 66 166
67 124 70
50 67 148
79 88 80
77 94 97
57 106 0
49 76 0
72 122 0
18 39 0
