125 142
0 51 77
51 68 171
68 80 135
1 80 76
80 99 13
99 102 17
99 103 0
2 102 10
102 106 102
106 110 167
3 52 68
4 52 127
52 70 194
52 71 0
57 70 13
70 82 199
4 82 0
82 90 145
82 112 0
70 83 0
5 53 59
6 53 116
7 53 122
8 53 79
90 95 17
9 95 89
95 99 66
10 54 179
11 54 156
54 69 111
12 69 68
69 81 43
13 81 29
81 89 164
14 89 199
89 103 12
103 107 17
15 107 15
107 111 177
107 112 0
111 114 23
83 114 153
55 114 154
16 55 87
17 55 102
4 83 0
114 116 98
71 116 121
57 71 0
56 116 59
18 56 172
19 56 144
116 118 82
20 57 108
21 57 131
22 57 78
23 57 186
24 57 35
25 57 113
26 57 178
27 57 187
28 57 82
57 118 0
118 120 195
118 121 0
118 122 0
29 58 104
29 73 0
30 73 49
58 72 110
58 73 0
31 72 52
72 84 104
84 91 155
84 92 0
74 91 188
74 85 0
74 120 0
32 85 100
33 59 127
59 74 60
34 60 115
60 75 42
75 92 73
75 86 0
35 86 176
75 120 0
91 96 131
91 120 0
91 121 0
92 97 21
92 120 0
92 121 0
97 100 75
100 104 110
36 96 177
96 104 15
104 108 126
37 108 95
37 120 0
37 121 0
38 61 11
61 87 92
61 77 0
62 76 54
62 77 0
39 62 108
40 76 75
76 87 57
87 93 24
93 98 76
98 101 76
63 101 39
41 63 56
63 77 0
101 109 26
109 113 60
113 115 114
78 115 107
42 78 39
64 78 105
43 64 165
44 64 31
45 64 108
46 64 172
115 117 68
47 117 106
47 77 0
101 105 0
105 109 115
123 124 58
119 123 198
65 119 129
48 65 167
117 119 123
66 79 66
49 66 126
67 124 108
50 67 156
79 88 144
88 94 175
77 94 151
