125 147
0 51 67
51 68 186
68 80 179
1 80 25
99 102 136
99 103 0
2 102 96
102 106 148
106 110 112
3 52 188
52 70 74
52 71 0
57 70 196
70 82 146
4 82 189
82 90 24
82 112 0
70 83 0
5 53 110
6 53 161
7 53 80
8 53 18
90 95 80
95 99 10
10 54 85
11 54 40
54 69 103
12 69 137
13 81 101
81 89 46
14 89 68
89 103 14
103 107 24
15 107 85
107 111 43
107 112 0
111 114 122
83 114 50
55 114 133
16 55 120
17 55 97
4 83 0
114 116 23
71 116 76
57 71 0
56 116 189
18 56 168
19 56 76
116 118 43
20 57 171
21 57 142
22 57 148
23 57 52
24 57 16
25 57 165
26 57 166
27 57 134
28 57 133
57 118 0
118 120 88
118 121 0
118 122 0
29 58 66
29 73 0
30 73 37
58 72 49
58 73 0
31 72 89
72 84 77
84 91 21
84 92 0
74 91 112
74 85 0
74 120 0
32 85 125
33 59 114
59 74 97
34 60 44
60 75 46
75 92 140
75 86 0
35 86 116
75 120 0
91 96 128
91 120 0
91 121 0
92 97 52
92 120 0
92 121 0
97 100 25
100 104 89
36 96 164
96 104 128
104 108 143
37 108 61
37 120 0
37 121 0
38 61 104
61 87 101
61 77 0
62 76 135
62 77 0
39 62 163
40 76 90
76 87 73
87 93 57
98 101 37
63 101 158
41 63 47
63 77 0
101 109 121
109 113 115
113 115 48
78 115 176
42 78 54
64 78 132
43 64 139
44 64 166
45 64 164
46 64 102
115 117 74
47 117 133
47 77 0
101 105 0
105 109 119
123 124 116
119 123 42
65 119 16
48 65 87
117 119 128
66 79 113
49 66 196
67 124 11
50 67 99
79 88 111
88 94 13
77 94 37
9 91 75
71 110 0
49 83 0
7 78 0
98 103 0
