125 147
0 51 56
51 68 173
68 80 44
1 80 85
80 99 105
99 102 46
99 103 0
2 102 92
102 106 179
106 110 57
3 52 76
4 52 155
52 70 169
52 71 0
57 70 88
70 82 142
4 82 0
82 90 112
82 112 0
70 83 0
5 53 39
6 53 38
7 53 83
8 53 160
90 95 110
9 95 103
95 99 197
10 54 114
11 54 188
54 69 21
12 69 190
69 81 66
13 81 185
81 89 71
14 89 64
89 103 124
103 107 119
107 111 82
107 112 0
111 114 40
83 114 102
55 114 98
16 55 184
17 55 102
4 83 0
114 116 52
71 116 83
57 71 0
56 116 112
19 56 27
116 118 46
20 57 69
21 57 140
22 57 137
23 57 200
24 57 186
25 57 172
26 57 165
27 57 197
28 57 136
57 118 0
118 120 171
118 121 0
118 122 0
29 58 124
29 73 0
30 73 153
58 72 91
58 73 0
31 72 182
72 84 153
84 91 90
84 92 0
74 91 46
74 85 0
74 120 0
32 85 180
33 59 23
59 74 158
34 60 93
60 75 68
75 92 24
75 86 0
35 86 42
75 120 0
91 121 81
92 97 172
92 120 0
92 121 0
97 100 17
100 104 142
36 96 18
96 104 57
104 108 53
37 108 137
37 120 0
37 121 0
38 61 27
61 87 160
61 77 0
62 76 27
62 77 0
39 62 98
40 76 128
76 87 134
87 93 152
93 98 113
98 101 141
63 101 31
41 63 143
63 77 0
101 109 66
109 113 62
113 115 68
78 115 199
42 78 36
64 78 29
43 64 65
44 64 43
45 64 167
46 64 12
115 117 17
47 77 44
101 105 0
105 109 181
123 124 95
119 123 186
65 119 53
48 65 149
117 119 124
66 79 69
49 66 109
67 124 125
50 67 135
79 88 12
88 94 160
77 94 173
64 94 0
39 46 0
108 124 89
101 117 0
57 60 0
