125 147
0 51 128
51 68 77
68 80 88
1 80 92
99 102 135
99 103 0
2 102 189
106 110 27
3 52 41
52 70 133
52 71 0
57 70 21
70 82 170
4 82 86
82 90 117
82 112 0
70 83 0
5 53 107
7 53 74
8 53 86
90 95 194
9 95 76
95 99 88
10 54 172
11 54 66
54 69 15
12 69 155
69 81 197
13 81 189
81 89 29
14 89 194
89 103 24
103 107 69
15 107 151
107 111 136
111 114 184
83 114 101
55 114 13
16 55 179
17 55 100
4 83 0
114 116 50
71 116 11
57 71 0
56 116 165
18 56 107
19 56 69
116 118 40
20 57 145
21 57 28
22 57 13
23 57 105
24 57 145
25 57 12
27 57 46
28 57 181
57 118 0
118 120 107
118 121 0
118 122 0
29 58 10
29 73 0
30 73 180
58 72 15
58 73 0
31 72 55
84 91 173
84 92 0
74 91 84
74 85 0
74 120 0
32 85 131
33 59 145
59 74 101
34 60 64
60 75 167
75 92 183
75 86 0
35 86 116
75 120 0
91 96 73
91 120 0
91 121 0
92 97 103
92 120 0
92 121 0
100 104 175
36 96 74
96 104 151
104 108 17
37 108 72
37 120 0
37 121 0
38 61 187
61 87 92
61 77 0
62 76 194
62 77 0
39 62 43
40 76 174
76 87 59
87 93 178
93 98 72
63 101 106
41 63 176
63 77 0
101 109 166
109 113 173
113 115 136
78 115 151
64 78 10
43 64 27
44 64 33
45 64 88
46 64 32
115 117 27
47 117 123
47 77 0
101 105 0
105 109 21
123 124 70
119 123 158
65 119 12
48 65 165
117 119 102
66 79 183
49 66 16
67 124 67
50 67 25
79 88 45
88 94 107
77 94 113
3 92 0
68 110 0
6 62 100
64 72 0
97 103 26
