125 147
51 68 191
68 80 117
1 80 168
80 99 178
99 102 89
99 103 0
2 102 116
102 106 83
106 110 189
3 52 42
4 52 128
52 71 125
57 70 159
70 82 92
4 82 0
82 90 73
82 112 0
70 83 0
5 53 121
6 53 148
7 53 125
8 53 161
90 95 16
9 95 185
95 99 173
10 54 86
54 69 22
12 69 185
69 81 169
13 81 140
81 89 113
14 89 95
89 103 95
103 107 109
15 107 38
107 111 98
107 112 0
111 114 134
83 114 106
55 114 186
16 55 24
17 55 103
4 83 0
114 116 23
71 116 113
57 71 0
56 116 142
18 56 28
19 56 13
116 118 28
20 57 146
21 57 78
22 57 43
24 57 139
25 57 46
26 57 94
27 57 21
28 57 157
57 118 0
118 120 154
118 121 0
118 122 0
29 58 154
29 73 0
30 73 106
58 72 164
58 73 0
31 72 70
72 84 127
84 91 69
84 92 0
74 91 157
74 85 0
74 120 0
32 85 11
33 59 103
59 74 54
34 60 118
60 75 86
75 92 133
75 86 0
35 86 52
75 120 0
91 96 170
91 120 0
91 121 0
92 97 175
92 120 0
92 121 0
97 100 183
100 104 105
36 96 153
96 104 31
104 108 139
37 108 24
37 120 0
37 121 0
38 61 124
61 77 14
62 76 57
39 62 73
40 76 76
76 87 151
93 98 126
98 101 73
63 101 33
41 63 136
63 77 0
101 109 46
109 113 16
113 115 148
78 115 135
42 78 45
64 78 31
44 64 123
45 64 151
46 64 199
115 117 199
47 77 106
101 105 0
105 109 131
123 124 127
119 123 119
65 119 67
48 65 169
117 119 72
66 79 179
49 66 60
67 124 12
50 67 141
79 88 123
88 94 82
77 94 112
35 59 0
57 69 0
43 61 167
10 101 0
