125 138
51 68 94
68 80 22
1 80 73
99 102 91
99 103 0
2 102 94
102 106 170
3 52 156
4 52 136
52 70 84
52 71 0
57 70 153
70 82 123
4 82 0
82 90 63
82 112 0
70 83 0
5 53 23
7 53 144
8 53 163
9 95 169
95 99 19
10 54 138
54 69 135
12 69 161
69 81 189
13 81 20
81 89 22
14 89 22
89 103 197
103 107 48
15 107 41
107 111 69
107 112 0
111 114 109
83 114 143
55 114 114
16 55 169
17 55 34
4 83 0
114 116 106
71 116 88
57 71 0
56 116 117
18 56 145
19 56 133
20 57 36
21 57 60
22 57 54
23 57 53
24 57 99
25 57 142
26 57 126
27 57 197
28 57 184
57 118 0
118 121 128
118 122 0
29 58 140
29 73 0
30 73 137
58 72 128
58 73 0
31 72 171
72 84 90
84 91 36
84 92 0
74 91 115
74 85 0
74 120 0
32 85 173
33 59 100
59 74 26
34 60 24
60 75 150
75 92 57
75 86 0
35 86 150
75 120 0
91 96 128
91 120 0
91 121 0
92 97 150
92 120 0
92 121 0
97 100 55
100 104 134
36 96 51
96 104 196
104 108 187
37 108 170
37 120 0
37 121 0
38 61 102
61 87 98
61 77 0
62 76 125
62 77 0
39 62 95
40 76 83
76 87 176
87 93 163
93 98 137
98 101 144
63 101 10
41 63 147
63 77 0
101 109 142
109 113 95
113 115 155
78 115 157
42 78 23
64 78 17
43 64 32
44 64 192
45 64 92
46 64 151
115 117 129
47 117 97
47 77 0
101 105 0
105 109 38
123 124 103
119 123 192
65 119 36
48 65 197
117 119 84
66 79 120
49 66 15
67 124 60
50 67 45
79 88 30
88 94 128
77 94 86
11 105 111
89 96 0
73 107 63
50 101 0
