125 158
0 51 24
51 68 171
1 80 80
80 99 159
99 102 46
99 103 0
2 102 61
106 110 138
3 52 32
4 52 15
52 70 104
52 71 0
57 70 107
70 82 51
4 82 0
82 90 121
82 112 0
70 83 0
5 53 141
6 53 135
7 53 164
8 53 77
90 95 80
9 95 164
95 99 122
10 54 104
11 54 124
54 69 121
12 69 160
69 81 97
81 89 11
14 89 29
89 103 57
103 107 77
15 107 168
107 111 108
107 112 0
111 114 70
83 114 168
55 114 109
16 55 192
17 55 42
4 83 0
114 116 195
57 71 0
56 116 50
18 56 92
19 56 146
116 118 177
20 57 52
21 57 67
22 57 70
23 57 28
24 57 139
25 57 121
26 57 118
27 57 79
28 57 91
57 118 0
118 121 125
118 122 0
29 58 181
29 73 0
30 73 132
58 72 68
58 73 0
31 72 32
72 84 34
84 91 112
84 92 0
74 91 162
74 120 0
32 85 47
33 59 112
59 74 23
34 60 108
60 75 38
75 92 22
75 86 0
35 86 35
75 120 0
91 120 54
91 121 0
92 97 198
92 120 0
92 121 0
100 104 36
36 96 167
96 104 157
37 108 128
37 120 0
37 121 0
38 61 31
61 87 21
62 76 174
62 77 0
39 62 153
40 76 137
76 87 20
87 93 14
93 98 123
98 101 39
63 101 131
41 63 21
101 109 55
109 113 59
113 115 197
78 115 12
42 78 75
64 78 62
43 64 105
44 64 135
45 64 65
46 64 163
115 117 97
47 117 163
47 77 0
101 105 0
105 109 180
119 123 42
65 119 58
48 65 63
117 119 155
66 79 88
49 66 92
67 124 44
50 67 29
79 88 43
88 94 23
77 94 148
55 101 0
20 113 0
95 122 0
60 81 0
72 95 0
7 59 0
83 92 0
53 63 125
0 83 0
88 113 0
33 39 0
12 28 0
97 110 118
