125 167
0 51 78
51 68 33
68 80 153
1 80 75
80 99 126
99 102 95
99 103 0
2 102 53
102 106 34
106 110 57
3 52 185
4 52 122
52 70 28
52 71 0
57 70 73
70 82 121
4 82 0
82 90 52
82 112 0
70 83 0
5 53 190
6 53 47
7 53 69
9 95 119
95 99 190
10 54 81
11 54 68
54 69 68
12 69 182
69 81 42
13 81 52
81 89 66
14 89 199
89 103 115
103 107 58
15 107 150
107 111 61
107 112 0
111 114 114
83 114 76
55 114 183
16 55 170
17 55 16
4 83 0
114 116 91
71 116 196
57 71 0
56 116 129
18 56 136
19 56 175
116 118 177
20 57 179
21 57 15
22 57 200
24 57 170
25 57 166
26 57 10
27 57 92
28 57 82
57 118 0
118 120 89
118 121 0
118 122 0
29 58 64
29 73 0
30 73 113
58 72 172
58 73 0
31 72 79
72 84 74
84 91 156
84 92 0
74 91 167
74 85 0
74 120 0
32 85 164
33 59 185
59 74 65
34 60 18
60 75 116
75 92 47
75 86 0
35 86 161
75 120 0
91 96 69
91 120 0
91 121 0
92 97 18
92 120 0
92 121 0
97 100 150
100 104 156
36 96 112
96 104 132
37 108 148
37 120 0
37 121 0
38 61 69
61 87 53
61 77 0
62 76 47
62 77 0
39 62 152
40 76 81
76 87 87
87 93 16
93 98 10
98 101 46
63 101 89
41 63 138
101 109 132
109 113 133
113 115 188
78 115 192
42 78 145
64 78 178
43 64 98
44 64 67
45 64 97
46 64 59
115 117 117
47 117 118
47 77 0
101 105 0
105 109 173
123 124 157
119 123 69
65 119 169
48 65 136
117 119 182
66 79 144
49 66 163
67 124 129
50 67 60
79 88 100
88 94 24
77 94 136
23 43 71
2 56 0
16 87 0
94 106 33
100 102 0
36 88 0
72 116 0
21 92 0
107 113 0
51 73 0
65 88 0
64 112 0
65 120 0
56 118 0
75 113 0
