125 177
0 51 49
68 80 81
1 80 173
80 99 130
99 102 179
99 103 0
2 102 156
102 106 111
106 110 82
3 52 161
4 52 85
52 70 38
52 71 0
57 70 39
70 82 36
4 82 0
82 90 10
82 112 0
70 83 0
5 53 134
6 53 56
7 53 19
8 53 161
90 95 190
9 95 113
95 99 95
10 54 19
11 54 142
54 69 56
12 69 67
69 81 73
13 81 79
81 89 54
14 89 85
89 103 31
103 107 168
15 107 33
107 111 159
107 112 0
111 114 192
83 114 62
55 114 68
16 55 42
17 55 110
4 83 0
114 116 128
71 116 97
57 71 0
56 116 58
18 56 44
19 56 118
116 118 124
20 57 185
21 57 190
22 57 106
23 57 47
24 57 58
26 57 139
27 57 192
28 57 193
57 118 0
118 120 129
118 121 0
118 122 0
29 58 15
29 73 0
30 73 110
58 72 23
58 73 0
31 72 79
72 84 20
84 91 173
84 92 0
74 91 51
74 85 0
74 120 0
32 85 41
33 59 149
59 74 180
34 60 144
60 75 121
75 92 64
75 86 0
35 86 150
75 120 0
91 96 137
91 120 0
91 121 0
92 97 143
92 120 0
92 121 0
97 100 162
100 104 67
36 96 16
96 104 196
104 108 132
37 120 74
37 121 0
38 61 161
61 87 25
62 76 18
62 77 0
39 62 117
40 76 67
76 87 29
87 93 192
93 98 99
98 101 107
41 63 184
63 77 169
101 109 195
109 113 19
113 115 152
78 115 159
42 78 133
64 78 200
43 64 76
44 64 63
45 64 118
46 64 113
115 117 14
47 117 119
47 77 0
101 105 0
105 109 200
123 124 91
119 123 128
65 119 16
48 65 42
117 119 45
66 79 42
49 66 20
67 124 47
50 67 34
79 88 181
88 94 150
77 94 173
54 70 0
6 24 0
69 94 0
0 87 0
7 47 0
52 101 0
41 79 0
98 118 0
72 83 0
40 93 0
40 62 0
68 109 0
53 103 84
100 108 0
74 97 0
9 66 0
17 72 0
41 70 0
18 116 0
67 103 0
