54 105
0 1 41
0 2 0
0 3 0
0 4 0
0 5 0
0 6 0
0 29 0
0 38 0
0 46 0
1 2 28
1 8 0
1 12 0
1 15 0
1 16 0
1 43 0
2 3 18
2 6 0
2 10 0
2 13 0
2 14 0
2 18 0
2 44 0
3 4 90
3 7 0
3 10 0
3 13 0
3 42 0
4 5 90
4 9 0
4 11 0
4 12 0
4 14 0
4 15 0
4 18 0
4 19 0
4 20 0
4 21 0
4 30 0
4 38 0
4 49 0
5 24 21
5 40 0
6 7 70
6 9 0
6 30 0
6 41 0
6 53 0
7 8 44
7 25 0
7 36 0
7 48 0
7 49 0
8 17 45
8 34 0
8 35 0
9 41 78
10 11 79
10 17 0
10 20 0
10 22 0
10 32 0
10 33 0
11 19 37
11 23 0
12 16 23
13 43 92
14 23 89
15 21 66
16 28 60
16 29 0
16 37 0
16 51 0
17 22 43
17 24 0
17 34 0
18 53 86
19 25 50
21 27 73
21 31 0
21 33 0
22 47 11
24 26 43
24 39 0
24 45 0
25 26 29
26 27 75
26 44 0
26 46 0
27 28 54
27 31 0
28 45 44
29 35 62
29 47 0
29 52 0
31 32 97
32 37 96
32 40 0
32 42 0
33 36 24
33 39 0
34 50 80
37 51 78
37 52 0
41 48 41
45 50 65
