173 343
0 1 18
0 2 0
0 4 0
0 5 0
0 6 0
0 10 0
0 32 0
0 100 0
1 2 96
1 3 0
1 4 0
1 8 0
1 10 0
1 11 0
1 16 0
1 66 0
1 94 0
1 112 0
2 3 28
2 6 0
2 15 0
2 20 0
2 21 0
2 58 0
2 66 0
2 119 0
2 131 0
2 165 0
3 18 65
3 47 0
3 78 0
3 81 0
3 82 0
4 5 60
4 23 0
4 29 0
4 42 0
4 43 0
4 133 0
5 7 60
5 9 0
5 12 0
5 13 0
5 22 0
5 35 0
5 36 0
5 41 0
5 44 0
6 7 25
6 9 0
6 14 0
6 17 0
6 37 0
6 92 0
7 8 83
7 14 0
7 23 0
7 28 0
7 43 0
7 46 0
7 51 0
7 88 0
7 124 0
8 15 92
8 36 0
8 126 0
9 12 34
9 19 0
9 25 0
9 50 0
9 59 0
9 77 0
10 11 47
10 13 0
10 45 0
10 91 0
11 16 73
11 20 0
11 65 0
11 71 0
11 89 0
12 18 42
12 53 0
12 60 0
12 62 0
12 95 0
13 25 90
13 27 0
13 30 0
13 52 0
14 17 20
14 55 0
14 82 0
14 90 0
14 152 0
14 156 0
15 26 69
15 40 0
15 70 0
15 144 0
16 24 42
16 33 0
16 48 0
16 60 0
16 78 0
16 84 0
16 107 0
17 24 100
17 38 0
17 80 0
18 19 39
18 32 0
18 53 0
18 56 0
19 21 47
19 38 0
20 22 48
20 46 0
20 48 0
20 127 0
21 27 17
21 34 0
21 45 0
21 51 0
21 56 0
21 87 0
21 91 0
21 152 0
22 39 35
22 54 0
22 136 0
23 28 52
23 31 0
23 163 0
23 164 0
24 26 53
24 35 0
24 86 0
25 31 43
25 41 0
25 88 0
25 97 0
25 103 0
26 29 73
26 104 0
26 125 0
26 158 0
26 170 0
27 47 47
27 74 0
27 130 0
27 169 0
28 49 38
28 79 0
28 116 0
28 122 0
28 155 0
29 30 92
29 34 0
29 65 0
29 164 0
30 39 33
30 62 0
30 75 0
30 117 0
31 33 25
31 54 0
31 68 0
31 102 0
32 37 29
32 52 0
32 58 0
32 69 0
32 148 0
33 73 54
33 80 0
33 120 0
33 143 0
34 40 99
34 87 0
34 118 0
35 81 45
35 147 0
36 74 20
36 150 0
37 42 23
37 105 0
38 50 23
38 57 0
38 76 0
38 98 0
38 143 0
39 72 55
39 90 0
39 132 0
39 163 0
40 84 95
40 97 0
41 57 74
41 59 0
41 63 0
41 64 0
41 83 0
42 44 86
42 55 0
42 85 0
42 99 0
42 170 0
43 61 95
43 86 0
43 89 0
43 93 0
43 106 0
43 172 0
44 49 80
44 64 0
44 75 0
45 83 19
46 114 82
46 123 0
46 153 0
46 155 0
47 134 85
48 61 25
49 67 88
49 92 0
49 160 0
51 76 14
51 94 0
51 121 0
51 126 0
51 145 0
53 63 54
53 73 0
54 72 53
54 109 0
55 139 13
56 130 54
56 137 0
56 141 0
57 67 62
57 79 0
57 158 0
58 71 68
60 77 39
61 98 22
61 99 0
62 85 16
64 69 21
64 93 0
66 68 59
66 108 0
66 161 0
67 110 62
68 133 93
69 70 81
69 109 0
70 129 30
70 157 0
70 171 0
72 144 44
72 166 0
73 96 58
73 111 0
74 103 46
74 120 0
75 122 20
76 101 84
76 108 0
77 115 20
77 116 0
77 121 0
78 104 46
79 102 33
79 107 0
80 110 29
80 117 0
80 134 0
83 161 72
85 118 72
85 168 0
86 96 66
87 95 39
87 100 0
88 111 16
88 141 0
89 112 93
89 113 0
90 140 58
94 106 21
94 142 0
94 149 0
94 168 0
95 101 35
96 149 35
96 150 0
98 151 22
99 105 76
100 162 22
103 119 40
104 135 51
104 165 0
105 171 82
106 113 96
107 139 24
108 124 55
108 154 0
109 153 49
109 156 0
110 146 51
111 114 23
111 125 0
111 151 0
113 115 27
114 128 70
114 160 0
117 128 51
119 138 88
120 123 97
120 146 0
121 135 39
122 127 89
122 129 0
122 157 0
124 131 55
124 132 0
125 140 12
126 142 65
128 148 67
131 136 69
131 169 0
133 137 56
133 167 0
134 138 41
134 162 0
135 145 91
138 147 31
140 167 32
146 154 43
147 166 15
154 159 23
155 159 25
158 172 24
