131 259
0 1 36
0 2 0
0 3 0
0 4 0
0 15 0
0 19 0
0 28 0
0 32 0
0 38 0
0 41 0
0 69 0
0 77 0
1 2 44
1 3 0
1 4 0
1 5 0
1 7 0
1 11 0
1 21 0
1 38 0
2 5 67
2 6 0
2 12 0
2 13 0
2 16 0
2 23 0
2 52 0
3 7 87
3 16 0
3 19 0
3 26 0
3 28 0
3 56 0
4 17 46
4 46 0
4 96 0
4 126 0
5 6 30
5 8 0
5 24 0
5 26 0
5 27 0
5 56 0
6 8 59
6 9 0
6 10 0
6 35 0
6 63 0
6 79 0
6 96 0
7 9 72
7 27 0
7 43 0
7 51 0
7 86 0
8 11 74
8 13 0
8 18 0
8 23 0
8 39 0
8 84 0
8 91 0
8 106 0
8 114 0
9 10 83
9 12 0
9 15 0
9 18 0
9 21 0
9 37 0
9 50 0
9 117 0
10 31 68
10 40 0
10 66 0
10 89 0
10 111 0
11 14 57
11 20 0
11 25 0
11 33 0
11 64 0
11 74 0
11 107 0
11 122 0
12 34 78
12 44 0
12 45 0
12 49 0
12 53 0
13 14 55
13 17 0
13 22 0
13 47 0
13 48 0
13 128 0
14 25 58
14 29 0
14 67 0
14 127 0
15 68 55
16 29 74
16 33 0
16 47 0
16 108 0
17 55 91
18 20 30
18 103 0
19 22 80
19 45 0
19 52 0
19 78 0
19 87 0
19 90 0
20 60 34
20 67 0
20 88 0
21 24 26
21 32 0
21 110 0
21 125 0
22 36 17
22 37 0
22 69 0
22 100 0
23 30 49
23 75 0
24 65 17
24 70 0
24 80 0
25 41 92
25 42 0
25 54 0
25 105 0
26 30 45
26 43 0
26 62 0
26 63 0
26 79 0
26 94 0
26 123 0
27 39 96
27 50 0
27 102 0
28 44 95
28 55 0
28 71 0
30 31 45
31 71 83
31 92 0
32 35 97
32 36 0
32 51 0
32 97 0
32 114 0
32 115 0
33 34 42
33 40 0
33 101 0
34 42 17
34 48 0
34 64 0
34 66 0
35 57 52
35 70 0
36 86 93
37 46 99
37 54 0
37 98 0
38 112 73
39 72 90
40 53 10
40 121 0
41 59 72
41 61 0
41 93 0
41 120 0
41 126 0
43 58 14
43 62 0
43 73 0
43 124 0
44 57 38
44 59 0
44 107 0
44 117 0
45 73 91
45 128 0
46 49 51
46 68 0
46 72 0
46 85 0
47 60 58
47 85 0
49 75 34
52 89 98
52 100 0
53 61 74
53 87 0
54 76 19
55 80 54
55 95 0
57 58 71
57 91 0
57 103 0
57 122 0
57 123 0
58 65 68
58 90 0
59 78 69
60 108 81
63 99 45
64 84 59
65 82 42
66 76 44
66 104 0
67 92 55
67 116 0
67 130 0
69 77 10
69 98 0
70 81 71
70 101 0
71 82 33
72 118 43
72 124 0
73 74 89
73 81 0
73 105 0
73 120 0
76 83 54
76 109 0
77 83 62
77 102 0
79 88 66
80 106 76
82 99 50
82 113 0
82 127 0
85 113 29
85 115 0
89 94 50
90 119 33
92 93 64
92 95 0
92 118 0
92 119 0
95 110 68
95 111 0
95 121 0
96 97 86
96 104 0
96 112 0
98 109 29
107 125 25
109 129 49
113 129 24
114 116 38
117 130 70
