93 183
0 1 35
0 2 0
0 6 0
0 8 0
0 11 0
0 15 0
0 17 0
0 39 0
0 67 0
0 91 0
1 2 68
1 3 0
1 4 0
1 5 0
1 9 0
1 19 0
1 47 0
1 78 0
2 3 72
2 10 0
2 74 0
3 4 95
3 5 0
3 9 0
4 6 20
4 7 0
4 25 0
4 37 0
4 52 0
4 66 0
4 70 0
5 11 72
5 13 0
5 16 0
5 18 0
5 20 0
5 67 0
5 68 0
6 7 33
6 8 0
6 28 0
6 29 0
6 31 0
6 60 0
6 70 0
7 12 16
7 23 0
7 30 0
7 34 0
7 83 0
8 13 60
8 16 0
8 22 0
8 26 0
8 36 0
8 40 0
8 42 0
8 53 0
8 77 0
9 10 93
10 14 86
10 23 0
10 72 0
10 76 0
11 12 14
11 58 0
12 15 82
12 17 0
12 44 0
12 46 0
13 14 69
14 24 47
14 27 0
14 30 0
15 21 46
15 24 0
15 27 0
15 29 0
15 81 0
15 84 0
16 18 18
16 36 0
16 42 0
16 45 0
17 19 60
17 41 0
18 21 95
18 22 0
18 38 0
18 55 0
18 71 0
18 73 0
19 20 85
19 31 0
19 35 0
19 49 0
19 50 0
19 54 0
19 57 0
19 87 0
20 43 18
21 25 19
21 33 0
21 34 0
21 51 0
21 58 0
22 26 76
22 33 0
22 56 0
22 75 0
22 79 0
22 92 0
23 32 42
24 38 41
24 41 0
24 80 0
24 91 0
25 28 21
25 32 0
26 48 84
26 76 0
27 43 53
27 64 0
27 78 0
29 82 66
30 40 10
31 35 88
32 57 85
32 79 0
33 37 21
33 65 0
33 89 0
34 45 61
34 47 0
34 50 0
35 48 97
35 60 0
35 90 0
36 39 88
36 73 0
36 75 0
37 62 16
37 69 0
37 87 0
38 64 55
39 61 79
40 46 17
40 55 0
41 44 72
41 69 0
43 82 16
44 59 18
44 71 0
44 81 0
45 49 49
46 51 98
46 53 0
47 56 96
47 63 0
50 66 19
50 74 0
50 84 0
50 90 0
51 52 80
51 54 0
52 89 66
53 88 74
56 68 37
57 59 46
57 63 0
57 65 0
58 83 92
60 61 70
60 62 0
62 80 97
62 85 0
65 88 67
66 72 89
67 86 57
71 85 34
72 77 85
73 92 62
77 86 94
