315 627
0 1 23
0 2 0
0 3 0
0 5 0
0 6 0
0 10 0
0 19 0
0 59 0
0 256 0
0 300 0
1 2 99
1 4 0
1 11 0
1 13 0
1 17 0
1 25 0
1 53 0
1 57 0
1 112 0
1 195 0
1 257 0
2 3 65
2 21 0
2 47 0
2 226 0
2 246 0
3 4 87
3 7 0
3 15 0
3 24 0
4 5 63
4 6 0
4 7 0
4 8 0
4 10 0
4 12 0
4 78 0
4 93 0
4 106 0
4 199 0
4 239 0
4 248 0
5 9 59
5 18 0
5 65 0
5 68 0
5 97 0
5 104 0
5 184 0
6 14 98
6 16 0
6 220 0
6 233 0
7 8 25
7 12 0
7 21 0
7 67 0
7 140 0
7 159 0
7 177 0
7 190 0
7 253 0
8 9 89
8 16 0
8 30 0
8 33 0
8 51 0
8 72 0
8 128 0
8 268 0
9 60 14
9 92 0
9 147 0
9 150 0
9 168 0
9 286 0
9 312 0
10 11 17
10 13 0
10 37 0
10 40 0
10 41 0
10 71 0
10 269 0
11 17 19
11 18 0
11 19 0
11 20 0
11 25 0
11 29 0
11 52 0
11 94 0
11 196 0
12 14 87
12 56 0
12 60 0
12 77 0
12 81 0
12 101 0
12 130 0
12 165 0
13 20 76
13 32 0
13 54 0
13 94 0
14 15 21
14 108 0
14 126 0
14 130 0
15 35 71
15 45 0
15 66 0
15 89 0
15 96 0
16 22 52
16 63 0
16 80 0
16 116 0
17 22 90
17 36 0
17 48 0
17 56 0
17 64 0
17 78 0
17 202 0
17 270 0
17 309 0
18 23 84
18 24 0
18 37 0
18 38 0
18 80 0
18 148 0
18 165 0
18 221 0
18 240 0
19 26 81
19 44 0
19 87 0
19 123 0
19 131 0
19 262 0
19 283 0
20 28 92
20 114 0
21 23 69
21 31 0
21 34 0
21 42 0
21 84 0
21 115 0
22 26 53
22 64 0
22 76 0
22 105 0
22 149 0
23 27 49
23 28 0
23 29 0
23 46 0
23 59 0
23 69 0
23 103 0
23 205 0
23 212 0
23 232 0
24 27 96
24 30 0
24 39 0
24 43 0
24 44 0
24 288 0
25 31 28
25 32 0
25 61 0
26 36 97
26 134 0
26 135 0
26 155 0
26 232 0
27 229 64
28 33 58
28 42 0
28 50 0
28 63 0
29 138 44
29 163 0
29 170 0
29 185 0
30 39 43
30 49 0
30 77 0
31 35 54
31 105 0
31 174 0
31 279 0
31 310 0
32 47 80
32 91 0
32 112 0
33 34 31
33 38 0
33 46 0
33 53 0
33 68 0
33 125 0
34 43 72
34 144 0
34 268 0
34 293 0
35 157 13
35 177 0
36 87 93
36 159 0
36 176 0
37 41 76
37 49 0
37 79 0
37 175 0
37 180 0
37 262 0
38 40 32
38 184 0
38 228 0
38 243 0
38 299 0
39 45 69
39 50 0
39 132 0
39 150 0
39 250 0
40 51 90
40 76 0
40 89 0
40 93 0
40 103 0
40 173 0
41 54 19
41 55 0
41 117 0
41 118 0
41 183 0
41 203 0
41 219 0
41 227 0
42 48 15
42 83 0
42 100 0
42 109 0
42 113 0
42 193 0
42 214 0
42 254 0
43 55 66
43 110 0
43 129 0
43 190 0
43 211 0
44 70 68
44 85 0
44 92 0
44 142 0
44 166 0
44 182 0
44 296 0
45 67 66
45 90 0
45 100 0
45 101 0
45 104 0
45 218 0
45 223 0
46 52 98
46 72 0
46 120 0
46 124 0
46 277 0
47 57 42
47 129 0
47 146 0
47 278 0
48 70 25
48 85 0
48 244 0
49 58 86
49 62 0
49 96 0
50 308 53
51 62 44
51 81 0
52 65 74
53 74 73
53 153 0
53 188 0
54 58 55
54 79 0
54 121 0
54 235 0
54 251 0
55 75 33
55 95 0
55 107 0
55 168 0
55 265 0
57 66 78
57 73 0
57 146 0
57 167 0
57 303 0
58 61 30
58 69 0
58 71 0
58 172 0
58 297 0
59 113 18
59 116 0
59 249 0
59 253 0
59 257 0
60 75 15
60 201 0
60 304 0
61 127 99
61 164 0
62 73 26
62 83 0
62 88 0
62 121 0
62 122 0
63 197 73
64 97 31
64 149 0
64 167 0
64 206 0
65 74 79
65 99 0
65 107 0
65 198 0
65 200 0
66 120 25
68 86 85
68 106 0
68 263 0
68 266 0
69 88 16
69 126 0
69 128 0
69 136 0
69 235 0
69 240 0
70 125 66
70 222 0
71 201 74
71 213 0
71 252 0
71 311 0
72 98 64
73 127 19
73 192 0
74 217 49
76 238 14
77 82 93
77 84 0
77 91 0
77 137 0
79 110 43
79 123 0
79 181 0
79 247 0
79 302 0
80 86 84
80 109 0
80 136 0
80 152 0
80 193 0
80 219 0
80 245 0
80 259 0
80 292 0
81 82 66
81 108 0
81 188 0
81 267 0
82 98 55
84 132 86
84 153 0
84 200 0
84 214 0
85 162 98
86 189 51
87 90 30
88 138 12
88 213 0
88 237 0
89 290 29
90 111 66
90 226 0
91 102 70
91 115 0
91 133 0
91 241 0
92 95 67
92 194 0
92 289 0
92 314 0
94 111 32
94 179 0
94 181 0
94 227 0
94 231 0
95 245 30
95 267 0
96 119 86
96 176 0
96 314 0
97 102 67
98 99 94
98 289 0
99 143 74
99 209 0
100 189 84
100 223 0
101 155 49
101 158 0
101 160 0
101 178 0
101 224 0
101 297 0
102 230 97
103 114 96
103 122 0
103 124 0
103 169 0
104 203 61
105 142 80
105 161 0
105 171 0
106 145 38
107 117 82
107 140 0
108 180 87
108 187 0
110 192 22
110 194 0
110 234 0
111 135 100
111 236 0
111 271 0
112 195 29
112 224 0
113 212 15
114 160 52
114 175 0
115 119 21
115 210 0
116 118 32
116 141 0
116 154 0
117 137 24
117 274 0
118 163 71
118 270 0
118 308 0
119 173 54
119 202 0
119 272 0
120 139 73
120 206 0
120 210 0
120 251 0
121 244 85
123 171 98
124 139 19
124 174 0
125 152 59
125 166 0
126 279 50
126 280 0
127 133 86
127 141 0
127 148 0
128 131 29
128 300 0
129 233 25
130 134 30
130 282 0
131 144 69
131 285 0
132 157 63
132 264 0
132 286 0
133 208 26
134 154 45
134 196 0
135 145 85
135 256 0
137 143 74
137 305 0
138 158 65
139 151 96
139 216 0
139 275 0
141 151 19
141 199 0
141 204 0
142 231 52
143 156 45
143 170 0
144 186 82
144 234 0
145 147 36
145 172 0
145 287 0
146 215 43
148 197 54
148 307 0
149 207 87
150 221 82
151 156 85
152 162 44
154 269 70
155 161 47
155 225 0
158 164 91
158 225 0
158 258 0
159 277 97
160 237 36
160 292 0
161 191 15
161 255 0
162 186 82
163 281 66
164 205 100
165 169 81
167 208 41
168 252 73
169 248 16
169 265 0
170 220 67
171 239 63
172 179 64
173 183 91
174 185 38
174 187 0
174 209 0
174 313 0
175 182 21
176 178 30
176 247 0
177 295 36
178 284 91
180 254 53
181 228 50
181 310 0
182 207 100
183 215 47
184 285 33
185 204 61
185 290 0
186 198 75
186 236 0
187 191 64
187 261 0
187 291 0
189 216 81
194 302 54
194 309 0
195 246 14
196 211 38
198 260 60
198 282 0
199 298 83
205 263 16
205 273 0
205 276 0
205 291 0
206 271 69
208 218 91
209 217 60
210 230 96
210 241 0
210 281 0
211 301 43
211 311 0
212 249 60
214 229 74
217 298 43
218 222 19
218 259 0
220 250 66
221 272 94
222 242 26
222 306 0
224 242 75
224 261 0
224 295 0
225 255 67
231 288 29
232 238 47
234 299 93
237 243 93
237 284 0
238 264 79
245 260 81
247 303 34
248 266 85
249 294 41
250 276 25
254 283 76
255 293 87
256 258 84
256 274 0
256 275 0
258 273 17
260 280 24
266 287 80
266 305 0
267 278 14
267 312 0
271 294 43
278 304 62
278 313 0
280 296 36
283 306 94
299 301 76
299 307 0
