353 703
0 1 34
0 2 0
0 3 0
0 7 0
0 20 0
0 74 0
0 208 0
0 321 0
1 2 38
1 3 0
1 4 0
1 5 0
1 9 0
1 13 0
1 17 0
1 28 0
1 63 0
1 72 0
1 78 0
1 97 0
1 242 0
1 277 0
1 340 0
2 4 64
2 7 0
2 15 0
2 21 0
2 22 0
2 31 0
2 34 0
2 71 0
2 79 0
2 198 0
2 224 0
3 11 94
3 42 0
3 56 0
3 59 0
3 72 0
3 96 0
3 103 0
3 182 0
3 272 0
4 5 20
4 6 0
4 11 0
4 14 0
4 67 0
4 88 0
4 136 0
5 6 99
5 8 0
5 14 0
5 24 0
5 32 0
5 40 0
5 52 0
5 76 0
5 78 0
5 101 0
5 117 0
5 121 0
5 139 0
5 142 0
5 250 0
6 8 15
6 30 0
6 83 0
6 130 0
6 155 0
6 260 0
7 9 64
7 10 0
7 13 0
7 16 0
7 34 0
7 37 0
7 46 0
7 50 0
7 88 0
7 132 0
7 191 0
7 212 0
7 229 0
7 291 0
7 294 0
8 18 34
8 19 0
8 27 0
8 40 0
8 54 0
8 62 0
8 66 0
9 10 99
9 24 0
9 82 0
9 84 0
9 125 0
9 273 0
9 297 0
9 350 0
10 12 65
10 22 0
10 41 0
10 73 0
10 75 0
10 81 0
10 110 0
10 167 0
10 217 0
10 263 0
10 327 0
11 12 100
11 19 0
11 23 0
11 26 0
11 45 0
11 47 0
11 86 0
11 87 0
11 96 0
11 99 0
11 142 0
11 204 0
12 15 63
12 23 0
12 127 0
12 168 0
12 282 0
13 20 72
13 29 0
13 38 0
13 43 0
13 69 0
13 118 0
13 252 0
14 16 68
14 18 0
14 35 0
14 53 0
14 67 0
14 114 0
14 170 0
14 311 0
15 17 70
15 30 0
15 159 0
15 202 0
15 233 0
16 25 84
16 37 0
16 91 0
16 121 0
16 236 0
17 21 97
17 35 0
17 42 0
17 61 0
17 107 0
17 129 0
18 27 45
18 32 0
18 63 0
18 239 0
19 51 14
19 116 0
19 255 0
19 348 0
20 38 53
20 43 0
20 64 0
20 94 0
20 144 0
20 325 0
21 26 90
21 55 0
21 104 0
21 165 0
21 268 0
21 279 0
21 337 0
22 65 16
22 134 0
22 161 0
23 94 68
23 171 0
24 25 10
24 39 0
24 54 0
24 138 0
25 28 100
25 29 0
25 36 0
25 39 0
25 44 0
25 49 0
25 111 0
25 158 0
25 180 0
25 248 0
26 33 51
26 62 0
26 112 0
26 122 0
26 131 0
26 351 0
27 51 77
27 77 0
27 156 0
27 193 0
27 269 0
27 349 0
28 31 100
28 66 0
28 98 0
28 128 0
28 156 0
28 284 0
29 33 28
29 56 0
29 81 0
29 92 0
29 101 0
29 103 0
29 148 0
29 203 0
29 228 0
29 289 0
30 100 84
30 189 0
31 36 68
31 46 0
31 48 0
31 60 0
31 185 0
32 308 47
33 44 83
33 192 0
33 205 0
34 84 50
35 50 48
35 211 0
35 215 0
35 345 0
37 55 99
37 60 0
37 61 0
37 98 0
38 41 38
38 49 0
38 52 0
38 71 0
38 109 0
38 124 0
38 161 0
38 164 0
38 249 0
39 87 56
40 45 77
40 99 0
40 105 0
40 272 0
41 146 68
41 228 0
42 58 56
42 93 0
42 95 0
42 111 0
42 113 0
42 120 0
43 48 35
43 57 0
43 213 0
44 47 45
44 64 0
44 83 0
44 117 0
44 118 0
44 278 0
45 93 30
45 159 0
46 70 85
46 80 0
46 162 0
46 196 0
46 230 0
47 301 100
47 328 0
48 89 83
48 95 0
48 135 0
48 349 0
49 104 80
49 192 0
50 317 92
51 65 64
51 140 0
51 181 0
51 214 0
51 235 0
52 53 82
52 107 0
52 155 0
52 160 0
52 288 0
53 59 54
53 292 0
54 180 11
54 210 0
54 284 0
55 92 65
55 109 0
55 171 0
55 187 0
55 239 0
55 286 0
55 346 0
56 57 82
56 154 0
56 307 0
57 58 46
58 69 35
58 76 0
58 133 0
58 169 0
58 321 0
59 80 45
59 85 0
59 116 0
59 231 0
60 73 98
60 77 0
60 149 0
62 70 98
62 74 0
62 115 0
62 141 0
62 150 0
63 126 46
63 134 0
64 68 88
64 90 0
64 158 0
64 342 0
65 129 98
65 136 0
66 151 90
66 166 0
66 254 0
67 68 87
67 75 0
67 115 0
67 185 0
67 346 0
68 206 68
69 274 54
70 124 60
70 137 0
70 182 0
71 79 56
71 143 0
71 238 0
71 281 0
72 89 73
72 262 0
73 113 81
73 166 0
73 184 0
74 90 98
74 102 0
74 153 0
74 202 0
75 85 51
75 86 0
75 179 0
76 120 65
76 212 0
76 234 0
76 244 0
77 105 70
77 235 0
77 283 0
77 334 0
78 82 51
78 100 0
78 132 0
78 179 0
78 199 0
78 223 0
78 225 0
78 240 0
79 253 49
79 307 0
79 340 0
80 131 48
81 197 15
82 152 46
82 176 0
83 119 14
83 254 0
83 271 0
83 341 0
84 106 48
85 114 64
85 233 0
86 108 72
86 123 0
86 162 0
87 127 29
88 252 86
88 274 0
88 341 0
88 344 0
89 97 50
89 102 0
89 149 0
89 152 0
89 231 0
89 245 0
90 91 26
90 208 0
90 247 0
91 174 75
92 189 56
92 310 0
93 144 57
93 168 0
93 178 0
93 251 0
94 130 90
94 201 0
95 126 48
95 295 0
95 324 0
96 147 41
97 122 66
97 153 0
97 190 0
97 334 0
99 145 85
99 309 0
100 172 21
100 297 0
101 108 85
101 123 0
101 193 0
101 219 0
102 106 26
102 187 0
102 312 0
102 330 0
103 150 33
103 154 0
103 167 0
103 188 0
104 110 86
104 112 0
104 125 0
104 288 0
105 237 66
105 257 0
106 319 100
107 133 75
107 186 0
107 237 0
107 262 0
109 194 67
109 268 0
109 279 0
109 287 0
110 164 74
110 221 0
112 157 100
112 267 0
113 242 30
114 229 44
114 322 0
115 216 80
115 266 0
116 175 90
117 270 36
117 293 0
117 320 0
118 119 34
118 138 0
118 145 0
118 209 0
119 137 85
119 177 0
120 135 48
120 335 0
121 183 57
122 128 69
122 141 0
122 221 0
122 300 0
123 173 54
123 347 0
124 143 43
124 276 0
125 148 50
126 207 20
126 248 0
127 151 16
127 226 0
127 267 0
128 157 68
128 196 0
128 227 0
129 250 73
130 163 29
130 198 0
130 205 0
131 147 53
131 283 0
132 183 67
132 200 0
133 213 50
133 286 0
134 139 75
134 244 0
134 275 0
135 146 42
135 174 0
135 230 0
136 318 19
137 140 84
137 195 0
137 216 0
138 181 73
138 257 0
139 210 47
139 322 0
140 285 37
141 169 46
141 203 0
142 223 16
142 300 0
143 222 34
144 165 15
144 178 0
144 343 0
145 163 82
145 184 0
145 211 0
145 285 0
145 309 0
145 326 0
145 331 0
146 218 67
147 338 21
148 177 84
148 218 0
148 264 0
148 265 0
148 314 0
149 188 49
150 175 26
150 310 0
151 190 100
151 222 0
152 160 100
152 195 0
152 215 0
153 305 60
154 200 74
155 170 49
155 176 0
155 261 0
155 336 0
156 225 99
156 299 0
156 302 0
157 234 98
157 350 0
158 256 79
159 281 87
160 299 29
160 313 0
161 194 92
162 318 18
163 172 36
164 275 76
165 259 95
166 224 65
166 265 0
168 197 72
168 204 0
168 313 0
169 295 66
171 201 86
172 173 86
172 226 0
172 303 0
172 337 0
174 327 19
176 247 70
177 220 60
178 232 30
179 199 58
179 319 0
180 314 24
181 240 80
181 270 0
181 316 0
181 339 0
181 352 0
182 186 88
182 227 0
182 258 0
183 236 48
186 243 53
187 219 75
189 191 42
189 238 0
189 241 0
189 245 0
189 260 0
190 209 40
191 325 36
192 206 87
192 290 0
193 320 55
195 312 50
197 290 66
197 293 0
200 264 64
201 207 47
202 339 47
203 243 35
203 306 0
206 232 32
207 214 13
207 217 0
207 332 0
209 261 22
209 273 0
211 296 32
215 220 86
215 241 0
217 256 59
217 266 0
218 289 49
218 316 0
218 328 0
219 258 79
222 251 12
223 249 15
223 323 0
225 278 23
228 282 15
229 253 19
230 302 91
231 345 68
233 331 44
235 269 50
237 296 76
238 246 25
239 336 90
241 246 25
242 311 51
243 277 90
245 276 92
246 259 36
247 291 12
247 292 0
247 348 0
248 298 10
248 347 0
249 263 35
252 315 40
254 255 71
254 306 0
255 303 54
258 280 99
258 287 0
263 271 36
263 280 0
263 304 0
274 351 23
276 308 21
279 326 95
282 301 20
284 298 98
289 332 23
290 294 13
292 305 62
292 329 0
295 315 14
297 304 61
300 323 94
303 330 99
305 324 15
306 333 61
306 335 0
309 344 46
310 343 57
311 329 60
313 317 92
316 352 87
325 338 95
332 333 90
332 342 0
