92 181
0 1 35
0 2 0
0 9 0
0 12 0
0 14 0
0 20 0
0 21 0
0 27 0
0 48 0
0 56 0
0 81 0
0 83 0
1 2 66
1 3 0
1 4 0
1 5 0
1 6 0
1 38 0
2 3 50
2 6 0
2 8 0
2 15 0
2 16 0
2 25 0
3 4 20
3 5 0
3 11 0
3 17 0
3 37 0
4 10 33
4 24 0
4 53 0
5 7 11
5 9 0
5 24 0
5 61 0
6 7 25
6 8 0
6 11 0
6 14 0
6 15 0
6 19 0
6 42 0
6 60 0
6 68 0
6 77 0
7 12 38
7 13 0
7 16 0
7 18 0
7 19 0
7 52 0
7 57 0
7 72 0
8 25 100
8 42 0
8 79 0
8 84 0
9 10 67
9 52 0
10 26 47
10 28 0
10 29 0
10 47 0
11 13 27
11 18 0
11 23 0
11 50 0
11 51 0
12 37 69
12 39 0
12 59 0
12 78 0
13 26 58
13 30 0
13 64 0
14 20 97
14 34 0
14 44 0
15 17 67
15 62 0
15 72 0
15 89 0
16 22 37
16 30 0
17 21 15
17 43 0
17 60 0
17 65 0
17 76 0
18 46 66
18 48 0
18 53 0
19 33 89
19 45 0
19 50 0
19 63 0
19 69 0
20 32 92
20 38 0
20 62 0
20 74 0
21 22 36
21 28 0
21 41 0
21 67 0
21 76 0
21 86 0
22 23 57
22 41 0
22 58 0
23 27 97
23 31 0
24 40 44
24 49 0
24 85 0
25 32 77
25 34 0
25 35 0
25 40 0
25 59 0
25 73 0
26 31 16
26 80 0
28 29 14
28 73 0
29 33 19
29 35 0
29 66 0
29 82 0
30 43 42
30 54 0
31 55 19
31 71 0
32 57 87
32 87 0
34 36 93
35 36 64
35 80 0
35 85 0
35 86 0
36 46 62
36 66 0
38 39 11
38 54 0
39 70 61
40 65 67
40 68 0
41 44 64
41 64 0
41 77 0
42 47 81
42 58 0
42 88 0
42 89 0
44 45 27
45 55 54
46 49 38
46 51 0
47 61 73
51 69 73
51 75 0
51 81 0
54 67 34
55 56 53
56 83 66
57 75 83
60 78 86
60 90 0
61 63 73
61 74 0
61 82 0
61 84 0
63 70 18
66 71 89
66 90 0
69 91 93
70 91 61
71 88 23
72 79 64
84 87 35
