433 863
0 1 52
0 2 0
0 3 0
0 4 0
0 10 0
0 15 0
0 24 0
0 60 0
0 102 0
0 106 0
0 290 0
0 304 0
0 422 0
1 2 88
1 3 0
1 4 0
1 5 0
1 25 0
1 44 0
1 50 0
1 54 0
1 98 0
1 102 0
1 118 0
1 291 0
1 402 0
2 7 27
2 13 0
2 42 0
2 61 0
2 97 0
2 98 0
2 105 0
2 147 0
2 199 0
3 5 77
3 6 0
3 7 0
3 13 0
3 19 0
3 23 0
3 92 0
4 8 21
4 9 0
4 12 0
4 14 0
4 20 0
4 26 0
4 53 0
4 55 0
4 127 0
4 312 0
4 411 0
5 6 65
5 8 0
5 10 0
5 11 0
5 18 0
5 27 0
5 41 0
5 103 0
5 151 0
6 11 96
6 22 0
6 80 0
6 212 0
6 250 0
6 256 0
7 9 81
7 12 0
7 19 0
7 29 0
7 57 0
7 86 0
7 120 0
7 237 0
8 16 78
8 20 0
8 36 0
8 39 0
8 45 0
8 132 0
8 212 0
8 228 0
8 295 0
8 353 0
9 27 18
9 30 0
9 32 0
9 54 0
9 68 0
9 99 0
9 145 0
9 196 0
9 234 0
9 246 0
9 286 0
10 17 35
10 29 0
10 81 0
10 145 0
10 187 0
10 223 0
10 284 0
10 431 0
11 15 37
11 18 0
11 52 0
11 69 0
11 74 0
11 93 0
11 241 0
12 14 97
12 16 0
12 28 0
12 56 0
12 62 0
12 166 0
12 207 0
12 257 0
13 49 54
13 77 0
13 148 0
13 161 0
13 432 0
14 17 84
14 31 0
14 36 0
14 42 0
14 183 0
14 258 0
15 49 48
15 62 0
15 152 0
15 295 0
15 418 0
16 24 73
16 37 0
16 107 0
16 165 0
16 404 0
16 408 0
17 22 76
17 39 0
17 41 0
17 43 0
17 57 0
17 82 0
17 83 0
17 87 0
17 89 0
17 148 0
17 283 0
17 314 0
18 23 72
18 38 0
18 66 0
19 21 50
19 35 0
19 129 0
19 153 0
19 194 0
19 205 0
19 328 0
19 351 0
20 21 45
20 35 0
20 88 0
21 171 76
21 404 0
21 406 0
21 432 0
22 26 46
22 47 0
23 31 84
23 32 0
23 38 0
23 48 0
23 50 0
23 91 0
23 194 0
23 197 0
23 374 0
23 398 0
24 25 68
24 40 0
24 51 0
24 104 0
24 276 0
24 282 0
24 341 0
25 28 36
25 58 0
25 73 0
25 79 0
25 108 0
25 192 0
25 214 0
25 271 0
26 30 10
26 33 0
26 56 0
26 60 0
26 72 0
26 93 0
26 119 0
26 353 0
26 364 0
26 421 0
27 176 79
27 220 0
27 302 0
27 304 0
27 313 0
27 322 0
27 335 0
27 380 0
28 43 78
28 92 0
28 117 0
28 346 0
29 76 48
29 248 0
29 317 0
29 366 0
30 34 60
30 44 0
30 59 0
30 100 0
30 112 0
30 267 0
30 331 0
31 46 71
31 89 0
31 174 0
31 385 0
31 387 0
31 389 0
32 33 13
32 51 0
32 75 0
32 94 0
32 121 0
32 122 0
32 158 0
32 181 0
32 384 0
33 34 73
33 37 0
33 46 0
33 63 0
33 146 0
33 250 0
34 75 34
34 82 0
34 129 0
34 203 0
34 345 0
34 389 0
36 48 99
36 165 0
36 195 0
36 221 0
37 63 73
37 67 0
37 83 0
37 110 0
37 134 0
37 182 0
37 207 0
37 252 0
38 101 28
38 141 0
38 297 0
38 321 0
38 370 0
39 40 45
39 240 0
40 79 77
40 80 0
40 95 0
40 229 0
40 301 0
41 53 51
41 55 0
41 65 0
41 67 0
41 252 0
41 285 0
41 370 0
42 72 34
42 167 0
42 173 0
42 216 0
42 237 0
42 395 0
43 45 57
43 70 0
43 184 0
43 316 0
44 58 95
44 64 0
44 69 0
44 70 0
44 114 0
44 172 0
45 47 72
45 68 0
45 130 0
45 283 0
45 398 0
45 402 0
46 298 39
46 348 0
47 59 42
47 61 0
47 71 0
47 87 0
47 147 0
47 169 0
47 204 0
48 64 27
48 96 0
48 116 0
48 123 0
48 144 0
48 176 0
48 185 0
48 201 0
49 73 34
49 114 0
49 150 0
49 202 0
50 104 82
50 151 0
51 52 74
51 85 0
51 99 0
51 133 0
51 208 0
51 278 0
51 326 0
52 84 63
52 103 0
52 121 0
53 65 40
53 106 0
53 110 0
53 126 0
54 78 55
54 210 0
54 345 0
54 383 0
54 406 0
55 77 91
55 113 0
55 126 0
55 150 0
55 220 0
56 81 17
56 88 0
56 90 0
56 120 0
56 200 0
56 356 0
57 188 41
58 74 54
58 410 0
59 66 44
59 124 0
59 157 0
60 125 46
60 299 0
60 359 0
61 76 35
61 107 0
61 127 0
61 186 0
61 244 0
61 245 0
61 270 0
61 378 0
63 94 76
63 158 0
63 312 0
64 78 86
64 394 0
65 133 62
65 256 0
65 297 0
66 71 84
66 138 0
66 146 0
66 218 0
66 227 0
66 327 0
66 352 0
68 84 99
68 111 0
68 117 0
68 131 0
68 177 0
68 244 0
68 316 0
69 85 68
69 112 0
69 289 0
69 294 0
69 380 0
70 137 68
70 431 0
71 116 69
73 115 12
73 119 0
74 90 64
74 166 0
74 333 0
74 397 0
75 86 51
75 101 0
75 155 0
75 346 0
75 401 0
76 96 82
77 361 40
78 208 29
78 242 0
79 91 25
79 152 0
80 123 19
80 218 0
81 122 70
82 111 84
82 203 0
83 105 91
83 115 0
83 138 0
83 160 0
83 185 0
84 246 87
84 324 0
85 219 96
85 225 0
85 275 0
85 335 0
86 125 93
86 128 0
86 161 0
86 230 0
87 100 44
87 109 0
87 213 0
87 214 0
88 109 51
88 132 0
88 289 0
88 354 0
89 272 20
89 371 0
90 95 14
90 222 0
90 393 0
91 354 20
92 155 32
92 168 0
92 245 0
92 291 0
93 175 55
93 180 0
93 231 0
93 238 0
93 305 0
93 336 0
94 128 93
95 419 73
96 97 15
96 108 0
96 124 0
96 192 0
96 248 0
97 136 39
97 216 0
98 135 45
98 139 0
98 143 0
98 162 0
98 170 0
98 175 0
98 303 0
98 315 0
99 149 35
99 195 0
100 157 60
101 263 59
101 315 0
102 190 20
102 310 0
102 424 0
103 113 18
103 188 0
103 302 0
103 306 0
103 309 0
104 118 83
104 379 0
105 143 81
106 142 57
107 141 71
107 163 0
107 164 0
108 130 29
108 135 0
108 251 0
108 342 0
110 234 17
111 140 69
111 200 0
111 274 0
111 384 0
112 171 27
112 173 0
112 222 0
113 249 41
113 276 0
113 301 0
113 318 0
115 211 22
115 417 0
116 131 68
116 140 0
116 274 0
116 279 0
116 418 0
117 153 61
117 154 0
117 163 0
117 253 0
117 364 0
117 377 0
118 204 88
118 400 0
119 263 80
119 337 0
120 170 95
120 340 0
120 343 0
120 366 0
120 390 0
121 395 89
122 137 99
122 293 0
123 168 38
123 411 0
124 136 48
125 189 85
125 259 0
126 139 41
126 154 0
126 160 0
126 190 0
126 205 0
127 159 31
127 167 0
127 241 0
127 285 0
127 414 0
128 142 97
128 179 0
129 162 29
129 231 0
130 134 87
130 144 0
130 329 0
130 342 0
131 178 42
131 330 0
132 172 84
132 239 0
133 169 88
133 281 0
134 417 86
137 159 18
137 193 0
137 396 0
138 269 73
139 174 12
139 206 0
139 243 0
139 273 0
139 388 0
140 197 43
140 209 0
140 377 0
141 233 36
142 199 70
143 156 47
143 296 0
143 405 0
144 149 53
144 215 0
144 217 0
144 279 0
144 334 0
145 264 50
145 286 0
146 177 56
146 240 0
146 320 0
147 181 78
147 325 0
147 367 0
148 198 83
148 309 0
149 164 98
150 206 32
151 182 41
151 253 0
152 183 52
152 338 0
153 156 58
153 319 0
153 337 0
153 392 0
154 189 74
154 223 0
154 260 0
154 423 0
156 184 36
156 412 0
157 341 54
158 288 17
158 425 0
161 226 95
161 296 0
161 357 0
161 375 0
162 306 22
162 373 0
163 254 91
163 292 0
164 211 21
164 340 0
165 232 10
166 281 37
166 397 0
167 284 22
167 381 0
168 201 50
169 178 76
169 191 0
169 278 0
169 330 0
169 367 0
170 191 75
170 193 0
170 235 0
170 359 0
170 373 0
170 409 0
171 254 16
171 255 0
171 282 0
173 294 49
174 179 91
174 202 0
174 317 0
175 186 69
175 232 0
175 328 0
175 399 0
176 187 13
177 394 86
178 180 41
179 300 88
180 268 37
180 357 0
182 198 93
182 227 0
182 272 0
183 242 45
183 261 0
185 196 47
185 228 0
186 327 79
186 360 0
188 235 98
188 391 0
189 318 38
190 311 22
190 368 0
190 412 0
191 371 95
192 375 72
193 219 67
193 349 0
193 419 0
194 243 68
194 251 0
195 225 35
195 270 0
196 217 63
196 422 0
200 265 50
201 213 57
201 221 0
202 273 33
203 209 68
203 387 0
204 236 44
204 275 0
207 224 84
208 239 30
208 292 0
208 298 0
209 210 63
210 363 81
211 233 31
211 255 0
211 261 0
211 420 0
212 215 78
212 236 0
213 313 77
213 401 0
213 428 0
214 247 43
214 260 0
214 351 0
214 369 0
216 226 71
216 332 0
216 358 0
219 277 97
219 349 0
219 415 0
220 321 29
221 224 82
221 229 0
221 249 0
221 290 0
221 407 0
222 323 88
223 247 87
223 326 0
225 277 41
226 266 86
227 339 84
227 400 0
228 230 76
228 322 0
229 358 48
230 262 19
230 267 0
230 344 0
230 409 0
231 287 54
232 264 62
233 238 61
234 266 18
234 325 0
235 257 60
236 308 58
237 265 10
237 323 0
241 259 57
241 303 0
242 372 16
243 338 67
244 300 26
245 403 73
246 391 59
247 271 28
247 405 0
248 347 100
248 382 0
249 427 34
251 352 72
251 426 0
252 269 25
252 350 0
253 258 46
254 288 99
254 307 0
257 333 96
258 385 47
259 268 58
260 379 77
261 262 71
261 299 0
263 355 70
264 369 20
265 280 17
265 372 0
266 308 88
267 356 69
268 362 67
272 324 13
275 344 33
277 307 96
278 280 80
279 287 82
280 383 15
281 362 62
282 329 30
282 363 0
284 331 96
287 423 93
289 293 58
289 319 0
290 305 65
290 339 0
291 320 10
292 314 71
292 374 0
292 388 0
296 310 48
297 311 100
298 332 11
301 360 35
301 407 0
302 421 20
303 350 74
304 408 16
306 386 21
308 376 58
308 382 0
310 415 80
312 393 36
312 396 0
312 430 0
314 355 39
315 348 88
316 347 27
321 413 80
321 420 0
323 381 24
325 336 31
329 426 96
330 428 96
331 334 68
334 425 30
335 430 52
337 376 88
339 361 28
340 343 38
340 378 0
340 424 0
341 365 60
343 365 35
343 390 0
344 403 48
349 368 98
369 399 84
373 392 23
377 410 31
378 386 15
381 416 86
390 429 74
393 414 12
405 429 63
407 413 86
408 416 11
410 427 57
