290 577
0 1 51
0 2 0
0 3 0
0 7 0
0 15 0
0 17 0
0 92 0
0 139 0
0 151 0
0 196 0
0 241 0
1 2 41
1 3 0
1 5 0
1 8 0
1 16 0
1 72 0
1 85 0
1 96 0
1 109 0
1 123 0
2 4 61
2 14 0
2 18 0
2 24 0
2 26 0
2 32 0
2 44 0
2 50 0
2 71 0
2 77 0
2 145 0
2 152 0
2 163 0
2 214 0
3 4 40
3 5 0
3 6 0
3 9 0
3 10 0
3 30 0
3 55 0
3 78 0
3 167 0
3 191 0
4 6 99
4 22 0
4 28 0
4 87 0
5 10 42
5 11 0
5 14 0
5 19 0
5 20 0
5 45 0
5 75 0
5 148 0
5 156 0
5 202 0
5 251 0
6 7 42
6 23 0
6 29 0
6 33 0
6 34 0
6 40 0
6 68 0
6 81 0
6 91 0
6 180 0
7 8 28
7 9 0
7 13 0
7 116 0
7 143 0
7 186 0
8 17 11
8 180 0
9 40 31
9 74 0
10 11 93
10 12 0
10 42 0
10 53 0
10 92 0
11 12 82
11 27 0
11 33 0
11 35 0
11 41 0
11 204 0
11 206 0
12 13 41
12 15 0
12 16 0
12 65 0
12 94 0
12 99 0
12 144 0
12 209 0
13 18 57
13 43 0
13 117 0
13 181 0
14 30 34
14 31 0
14 34 0
14 247 0
14 276 0
15 38 80
15 88 0
15 91 0
15 96 0
15 150 0
15 154 0
15 170 0
16 25 54
16 56 0
16 74 0
16 240 0
17 31 15
17 61 0
17 84 0
17 90 0
17 93 0
18 19 72
18 20 0
18 21 0
18 24 0
18 131 0
18 242 0
19 21 88
19 22 0
19 25 0
19 62 0
19 124 0
19 128 0
19 207 0
19 225 0
20 80 20
20 127 0
20 152 0
20 188 0
21 23 38
21 26 0
21 27 0
21 86 0
21 165 0
21 198 0
22 36 74
22 41 0
22 46 0
22 58 0
22 86 0
22 120 0
22 126 0
22 151 0
22 181 0
23 49 67
23 50 0
23 98 0
23 220 0
24 32 11
24 124 0
24 258 0
25 28 89
25 45 0
25 47 0
25 82 0
25 94 0
25 111 0
25 197 0
26 29 10
26 36 0
26 37 0
26 59 0
26 69 0
26 173 0
27 46 57
27 65 0
27 104 0
27 166 0
27 169 0
28 48 54
28 97 0
28 159 0
28 161 0
28 203 0
29 52 33
29 60 0
29 64 0
29 99 0
29 168 0
29 179 0
29 267 0
30 38 40
30 56 0
30 67 0
30 79 0
30 89 0
30 130 0
31 63 77
31 211 0
32 35 53
32 47 0
32 49 0
32 57 0
32 68 0
32 139 0
32 208 0
32 226 0
32 254 0
33 85 33
33 119 0
33 161 0
34 37 100
34 42 0
34 107 0
34 250 0
35 39 72
35 185 0
35 191 0
36 39 55
36 51 0
36 60 0
36 62 0
36 190 0
36 237 0
37 43 59
37 44 0
37 66 0
37 72 0
37 100 0
37 120 0
37 122 0
37 248 0
37 257 0
38 51 32
38 118 0
38 138 0
38 230 0
38 270 0
39 53 31
39 76 0
39 256 0
39 288 0
40 83 80
40 136 0
40 164 0
40 165 0
41 64 69
41 71 0
41 95 0
41 123 0
41 132 0
42 48 94
42 52 0
42 59 0
42 100 0
42 125 0
43 111 12
43 135 0
43 144 0
44 58 15
44 73 0
44 147 0
44 162 0
44 189 0
45 54 76
45 205 0
46 54 57
46 137 0
47 57 49
47 95 0
47 106 0
48 98 19
49 190 26
50 63 17
50 178 0
51 218 17
51 278 0
52 66 66
52 84 0
52 102 0
52 125 0
53 108 64
53 112 0
53 143 0
53 237 0
54 55 72
54 83 0
54 266 0
55 75 34
55 79 0
55 108 0
56 76 75
56 103 0
56 184 0
57 162 73
57 189 0
58 78 11
58 122 0
58 126 0
58 131 0
58 263 0
59 70 36
59 153 0
59 168 0
59 193 0
59 240 0
60 61 26
60 77 0
60 155 0
61 164 79
61 206 0
61 243 0
62 110 60
62 132 0
62 274 0
63 69 87
63 89 0
64 80 28
64 101 0
64 106 0
65 67 82
65 222 0
65 264 0
65 279 0
66 70 47
67 129 54
67 199 0
68 184 26
68 285 0
70 116 39
70 174 0
70 243 0
70 264 0
70 275 0
71 73 66
71 97 0
71 197 0
71 218 0
72 113 42
72 114 0
72 192 0
73 81 49
73 82 0
73 88 0
74 178 63
75 198 32
76 121 62
76 130 0
76 155 0
76 166 0
76 236 0
77 157 64
77 215 0
77 222 0
78 87 95
78 118 0
78 277 0
79 90 13
79 135 0
79 193 0
79 260 0
80 127 23
80 215 0
80 262 0
81 109 60
81 133 0
81 146 0
84 187 48
84 225 0
84 234 0
84 247 0
84 258 0
86 93 41
86 174 0
87 133 61
87 148 0
87 239 0
87 249 0
88 141 12
88 163 0
88 256 0
90 183 69
90 201 0
90 230 0
91 145 49
91 149 0
91 172 0
91 188 0
91 244 0
91 259 0
92 102 71
92 170 0
92 177 0
92 229 0
93 142 58
93 160 0
93 213 0
94 104 65
94 121 0
95 203 24
95 212 0
96 115 25
96 232 0
96 261 0
97 105 59
97 107 0
97 169 0
97 231 0
97 252 0
97 277 0
97 281 0
98 196 30
98 214 0
99 113 31
99 249 0
99 257 0
100 101 56
100 103 0
100 173 0
101 268 91
102 153 62
102 183 0
102 195 0
102 254 0
102 261 0
103 105 34
103 110 0
103 134 0
103 137 0
103 149 0
103 150 0
103 204 0
104 140 27
105 119 79
105 142 0
105 176 0
105 200 0
105 219 0
105 286 0
106 187 77
106 255 0
107 207 85
108 112 15
108 140 0
108 179 0
108 227 0
109 117 67
109 192 0
110 114 47
110 136 0
110 158 0
111 115 55
111 175 0
111 289 0
112 171 62
112 227 0
114 159 37
116 176 59
117 134 96
119 220 41
120 167 100
120 223 0
122 141 79
122 200 0
122 235 0
124 128 28
124 221 0
124 238 0
125 138 13
125 195 0
126 129 78
126 205 0
126 216 0
128 147 35
128 233 0
128 273 0
129 234 87
129 248 0
132 175 26
132 268 0
132 274 0
133 284 58
136 242 56
137 212 11
139 172 68
139 278 0
140 157 49
140 226 0
141 146 96
141 244 0
141 269 0
142 273 11
143 156 57
143 182 0
146 160 82
147 154 11
148 199 26
149 158 84
149 185 0
150 287 20
151 238 12
152 233 100
153 171 92
155 201 44
156 202 65
156 271 0
156 272 0
157 281 86
158 186 67
158 217 0
158 229 0
158 286 0
160 216 14
161 251 11
163 210 26
164 177 55
164 210 0
164 213 0
164 287 0
165 182 47
166 228 19
167 211 63
168 282 94
170 241 29
170 269 0
174 250 77
174 260 0
180 223 93
182 194 81
184 224 14
185 265 56
188 209 44
189 280 11
190 221 38
191 228 94
192 194 72
194 232 69
199 208 53
201 235 67
202 276 71
206 219 81
207 272 18
209 217 64
209 259 0
210 282 72
212 262 41
214 236 92
214 239 0
214 253 0
216 245 94
217 224 67
218 245 86
221 231 51
221 253 0
222 275 49
227 246 46
227 279 0
232 270 31
233 255 34
236 267 32
239 246 74
241 252 34
242 280 41
243 266 52
243 283 0
251 283 13
251 284 0
253 271 36
254 285 87
256 265 97
257 289 32
260 263 86
261 288 58
