228 453
0 1 96
0 2 0
0 5 0
0 6 0
0 30 0
0 62 0
0 77 0
0 217 0
0 227 0
1 2 58
1 3 0
1 4 0
1 8 0
1 16 0
1 20 0
1 37 0
1 42 0
1 82 0
2 3 20
2 24 0
2 46 0
2 131 0
2 200 0
3 4 22
3 7 0
3 8 0
3 14 0
3 71 0
3 81 0
3 90 0
3 208 0
4 5 89
4 6 0
4 9 0
4 18 0
4 21 0
4 29 0
5 13 97
5 22 0
5 23 0
5 27 0
5 31 0
5 133 0
5 164 0
5 191 0
6 7 97
6 14 0
6 17 0
6 18 0
6 27 0
6 51 0
6 108 0
6 115 0
7 10 48
7 11 0
7 20 0
7 23 0
7 32 0
7 144 0
7 147 0
8 9 99
8 12 0
8 13 0
8 28 0
8 33 0
8 40 0
8 44 0
8 48 0
8 84 0
8 112 0
8 117 0
9 10 17
9 11 0
9 16 0
9 34 0
9 43 0
9 48 0
9 102 0
10 12 84
10 15 0
10 29 0
10 33 0
10 35 0
10 56 0
10 89 0
10 127 0
11 44 19
11 47 0
11 83 0
12 19 47
12 54 0
12 78 0
12 89 0
12 96 0
12 174 0
12 182 0
12 225 0
13 25 86
13 35 0
13 63 0
13 88 0
14 15 72
14 19 0
14 53 0
14 109 0
14 148 0
14 151 0
15 17 57
15 46 0
15 56 0
15 137 0
15 172 0
15 212 0
16 28 65
16 55 0
16 76 0
16 98 0
16 103 0
16 126 0
16 197 0
17 21 54
17 36 0
17 55 0
17 58 0
17 59 0
17 66 0
18 57 42
18 60 0
18 95 0
18 138 0
19 43 57
19 45 0
19 169 0
19 181 0
20 22 48
20 25 0
20 26 0
20 37 0
20 75 0
20 170 0
21 24 86
21 49 0
21 120 0
21 132 0
23 26 91
24 62 16
25 34 75
25 38 0
25 68 0
25 93 0
25 102 0
25 116 0
26 36 72
26 38 0
26 39 0
26 57 0
27 30 12
27 39 0
27 61 0
27 100 0
27 110 0
27 167 0
28 31 44
28 110 0
28 116 0
29 32 95
29 41 0
29 45 0
29 106 0
29 108 0
29 150 0
30 41 59
30 49 0
30 50 0
30 70 0
30 185 0
30 210 0
31 40 52
31 80 0
31 122 0
31 143 0
32 112 55
33 76 70
35 68 54
35 73 0
35 87 0
36 42 91
36 149 0
36 175 0
36 203 0
37 67 30
37 79 0
37 80 0
37 115 0
37 120 0
37 137 0
37 192 0
38 77 54
38 94 0
38 123 0
38 162 0
39 54 54
39 64 0
39 141 0
39 143 0
39 161 0
40 52 80
40 58 0
40 119 0
40 161 0
41 121 84
41 194 0
42 47 73
42 85 0
42 159 0
42 222 0
43 50 21
43 53 0
43 74 0
43 84 0
43 100 0
43 122 0
43 123 0
43 204 0
44 225 96
45 61 55
45 83 0
45 124 0
45 166 0
46 51 76
46 52 0
46 75 0
46 78 0
46 91 0
47 186 77
48 72 10
48 163 0
48 183 0
49 94 30
49 113 0
49 127 0
49 153 0
49 175 0
49 205 0
50 69 37
50 213 0
51 105 65
51 152 0
52 59 74
52 85 0
52 104 0
54 67 57
54 71 0
54 72 0
54 90 0
54 176 0
55 63 73
55 74 0
55 155 0
56 60 32
56 64 0
56 130 0
56 173 0
56 191 0
57 82 86
57 207 0
58 65 62
59 66 74
59 160 0
60 65 53
61 227 15
62 86 23
62 103 0
62 158 0
63 144 37
63 212 0
64 69 43
64 107 0
64 215 0
65 70 22
65 88 0
65 164 0
66 135 53
67 92 87
67 117 0
67 187 0
67 188 0
68 91 21
68 93 0
68 222 0
70 81 93
70 140 0
70 149 0
71 107 46
71 126 0
71 195 0
72 73 66
72 105 0
73 179 10
74 140 31
74 196 0
76 99 93
77 86 48
77 87 0
77 139 0
77 152 0
77 156 0
77 224 0
78 79 32
78 92 0
78 160 0
79 178 17
79 221 0
80 96 15
80 141 0
80 184 0
81 182 93
82 97 75
82 121 0
82 156 0
83 97 81
83 111 0
83 133 0
84 142 84
84 159 0
85 165 83
86 95 54
86 128 0
86 129 0
87 111 10
88 118 13
88 209 0
89 99 76
89 101 0
89 114 0
89 206 0
90 106 81
91 145 74
91 158 0
92 113 54
92 177 0
93 119 66
93 125 0
95 178 78
96 98 52
96 101 0
97 209 92
98 146 60
98 223 0
99 109 24
100 104 26
100 148 0
101 128 88
101 157 0
103 154 19
103 190 0
105 176 69
105 194 0
106 150 27
108 154 77
108 185 0
110 114 39
110 189 0
111 201 28
112 134 40
112 146 0
112 166 0
112 168 0
113 125 83
114 118 98
115 129 25
116 172 98
117 124 71
119 131 81
119 134 0
119 207 0
120 130 12
121 215 62
122 136 92
122 202 0
122 224 0
123 139 12
123 147 0
123 173 0
124 155 55
124 180 0
124 217 0
126 132 39
126 136 0
126 214 0
127 142 65
128 145 25
130 170 20
132 135 84
132 204 0
133 151 99
133 162 0
133 165 0
134 200 38
134 205 0
135 138 32
135 189 0
137 171 60
138 168 67
138 219 0
142 177 38
143 153 53
144 193 22
147 163 11
147 174 0
147 196 0
148 192 94
150 181 73
150 226 0
151 195 41
152 188 43
154 157 18
154 199 0
155 167 95
157 187 71
158 169 27
158 186 0
158 193 0
159 211 23
160 179 48
164 180 65
164 183 0
166 218 70
167 171 26
167 216 0
168 198 52
169 206 36
170 197 30
171 203 98
173 184 57
174 218 13
174 221 0
175 190 76
176 219 84
177 198 90
179 213 51
181 226 34
185 199 59
186 223 12
187 210 31
187 214 0
193 211 52
193 220 0
196 201 57
197 208 76
198 220 85
200 202 78
214 216 94
