118 148
0 5 37
1 6 17
2 7 76
3 8 82
4 9 12
5 35 88
35 36 38
36 37 94
37 38 55
5 39 0
39 40 80
40 41 28
6 42 72
42 43 96
43 44 79
6 45 0
45 46 21
46 47 95
44 11 67
47 11 79
7 48 60
48 49 47
7 50 0
50 51 76
51 52 83
7 53 0
53 54 44
54 55 31
55 56 43
49 12 99
52 12 61
56 12 28
8 57 33
57 58 95
8 59 0
59 60 21
60 61 100
61 62 12
58 13 100
62 13 66
9 63 87
63 64 75
64 65 89
9 66 0
66 67 77
65 14 34
68 14 65
5 69 0
69 70 96
70 71 32
5 73 0
73 74 23
74 75 93
75 76 85
5 77 0
77 78 95
72 15 68
76 15 93
78 15 47
6 79 0
79 80 55
80 81 78
6 82 0
82 83 16
83 84 71
6 85 0
85 86 81
81 16 41
84 16 95
86 16 84
7 87 0
87 88 86
88 89 93
89 90 69
7 91 0
91 92 15
90 17 84
93 17 91
8 94 0
94 95 77
95 96 95
8 97 0
97 98 51
96 18 51
98 18 74
9 99 0
99 100 18
100 101 68
9 102 0
102 103 14
103 104 94
104 105 88
9 106 0
106 107 41
101 19 55
105 19 94
107 19 95
5 108 0
108 109 37
5 112 0
112 113 96
5 114 0
114 115 58
115 116 37
116 117 61
111 20 17
113 20 88
117 20 74
10 32 51
11 22 37
11 32 0
12 23 66
12 32 0
13 24 43
13 32 0
14 25 12
14 32 0
15 32 78
16 27 74
16 32 0
17 28 92
17 32 0
18 29 74
18 32 0
19 30 52
20 31 10
20 32 0
21 33 90
22 33 32
23 33 52
24 33 28
25 33 49
26 33 84
27 33 23
28 33 67
29 33 98
30 33 20
31 33 40
