171 220
0 7 73
1 8 80
2 9 28
3 10 53
4 11 90
5 12 43
6 13 39
7 51 76
51 52 11
7 53 0
53 54 31
52 14 39
54 14 60
8 55 56
55 56 40
56 57 29
58 59 20
59 60 48
60 61 27
57 15 37
61 15 79
9 62 18
62 63 93
63 64 85
64 65 30
9 66 0
66 67 38
67 68 45
9 69 0
69 70 27
68 16 79
70 16 61
10 71 57
71 72 48
10 73 0
73 74 89
74 75 72
75 76 89
10 77 0
77 78 27
79 80 66
72 17 98
76 17 86
80 17 50
11 81 88
82 83 28
11 84 0
84 85 41
11 86 0
86 87 21
87 88 48
88 89 99
83 18 15
85 18 16
89 18 53
12 90 47
90 91 74
91 92 68
12 93 0
93 94 91
94 95 86
95 96 50
12 97 0
97 98 37
92 19 70
96 19 46
98 19 96
13 99 92
99 100 46
13 101 0
101 102 30
100 20 86
102 20 48
7 103 0
103 104 23
104 105 44
106 107 91
107 108 71
105 21 77
108 21 31
8 109 0
109 110 62
110 111 16
8 112 0
112 113 47
8 114 0
114 115 25
115 116 76
111 22 16
113 22 75
116 22 17
9 117 0
117 118 46
118 119 50
119 120 64
9 121 0
121 122 66
120 23 10
122 23 49
10 123 0
123 124 33
10 125 0
125 126 26
126 127 18
127 128 22
124 24 88
128 24 72
11 129 0
129 130 62
130 131 17
11 132 0
132 133 42
11 134 0
134 135 62
135 136 77
136 137 81
131 25 61
133 25 41
137 25 72
12 138 0
138 139 15
139 140 39
140 141 65
12 142 0
142 143 93
12 144 0
144 145 29
141 26 79
143 26 89
145 26 83
13 146 0
146 147 62
147 148 40
148 149 85
13 150 0
151 152 29
149 27 16
152 27 66
7 153 0
153 154 15
7 155 0
155 156 11
156 157 83
7 158 0
158 159 41
159 160 59
154 28 99
157 28 100
160 28 88
8 161 0
161 162 52
8 163 0
163 164 65
162 29 63
164 29 68
9 165 0
165 166 77
166 167 89
9 168 0
168 169 100
169 170 83
167 30 73
170 30 40
14 31 84
14 48 0
15 32 25
15 48 0
16 33 34
16 48 0
17 34 73
17 48 0
18 48 51
19 36 12
19 48 0
20 37 70
20 48 0
21 48 76
22 48 40
23 40 86
23 48 0
24 41 11
24 48 0
25 42 78
25 48 0
26 43 68
26 48 0
27 44 25
28 45 57
28 48 0
29 46 15
29 48 0
30 47 96
30 48 0
31 49 15
32 49 21
33 49 36
34 49 76
35 49 77
36 49 71
37 49 66
38 49 29
39 49 73
40 49 65
41 49 64
42 49 24
43 49 67
44 49 56
45 49 93
46 49 92
47 49 98
