151 191
0 6 51
1 7 50
2 8 82
3 9 61
4 10 46
5 11 75
6 43 78
43 44 71
44 45 67
45 46 70
6 47 0
47 48 23
48 49 56
49 50 68
6 51 0
51 52 38
46 12 35
50 12 88
52 12 100
7 53 62
53 54 62
54 55 89
7 56 0
56 57 25
57 58 29
58 59 43
55 13 71
59 13 71
8 60 23
60 61 85
8 62 0
62 63 11
63 64 43
61 14 89
65 14 59
9 66 15
66 67 83
67 68 31
9 69 0
69 70 84
70 71 14
9 72 0
72 73 83
73 74 69
74 75 23
68 15 28
71 15 42
75 15 41
10 76 67
76 77 79
77 78 64
10 79 0
79 80 37
80 81 52
78 16 41
11 82 72
82 83 92
83 84 13
84 85 23
11 86 0
86 87 63
11 88 0
88 89 70
89 90 32
90 91 27
85 17 53
87 17 48
6 92 0
92 93 85
6 94 0
94 95 76
6 96 0
96 97 12
97 98 83
93 18 74
95 18 46
98 18 60
7 99 0
99 100 76
101 102 92
7 103 0
103 104 55
104 105 57
100 19 35
102 19 72
106 19 95
8 107 0
107 108 64
108 109 56
8 110 0
110 111 85
111 112 54
109 20 75
112 20 41
9 113 0
113 114 53
114 115 55
115 116 63
9 117 0
116 21 82
119 21 10
10 120 0
120 121 27
121 122 57
10 123 0
123 124 16
124 125 13
10 126 0
126 127 77
122 22 84
125 22 31
127 22 55
11 128 0
128 129 14
129 130 94
130 131 59
11 132 0
132 133 39
133 134 50
131 23 24
134 23 78
6 135 0
135 136 25
136 137 96
6 138 0
138 139 25
139 140 89
137 24 66
140 24 77
7 141 0
141 142 35
142 143 44
143 144 60
7 145 0
145 146 99
146 147 22
147 148 29
7 149 0
149 150 100
144 25 65
148 25 48
150 25 59
12 26 61
12 40 0
13 27 97
13 40 0
14 28 29
14 40 0
15 29 28
15 40 0
16 30 81
16 40 0
17 31 10
17 40 0
18 32 49
18 40 0
19 33 86
19 40 0
20 34 68
20 40 0
22 36 53
22 40 0
23 37 67
23 40 0
24 38 58
24 40 0
25 40 16
26 41 100
27 41 43
28 41 82
29 41 52
30 41 64
31 41 95
32 41 96
33 41 26
34 41 55
35 41 67
36 41 77
37 41 70
38 41 10
39 41 82
