204 263
0 7 51
1 8 87
2 9 96
3 10 49
4 11 11
5 12 17
6 13 46
7 57 58
57 58 25
7 59 0
59 60 43
60 61 71
58 14 49
61 14 60
8 62 30
62 63 84
8 64 0
64 65 81
65 66 47
63 15 65
66 15 35
9 67 16
67 68 51
68 69 30
9 70 0
70 71 67
71 72 52
9 73 0
73 74 42
74 75 62
75 76 59
69 16 20
72 16 64
76 16 43
10 77 78
77 78 11
78 79 80
10 80 0
80 81 38
81 82 88
82 83 75
79 17 73
83 17 49
11 84 34
84 85 42
85 86 12
86 87 42
11 88 0
88 89 86
11 90 0
90 91 91
91 92 87
87 18 46
89 18 22
92 18 96
12 93 57
93 94 85
12 95 0
95 96 89
96 97 37
12 98 0
98 99 39
99 100 89
100 101 27
94 19 39
97 19 76
101 19 45
13 102 11
102 103 58
13 104 0
104 105 84
105 106 68
106 107 46
103 20 73
107 20 41
7 108 0
108 109 31
7 110 0
110 111 87
111 112 63
109 21 22
112 21 17
8 113 0
113 114 25
8 115 0
115 116 33
116 117 72
114 22 77
118 22 28
9 119 0
119 120 77
9 121 0
121 122 40
122 123 38
123 124 52
9 125 0
125 126 88
126 127 34
120 23 20
124 23 71
127 23 22
10 128 0
10 130 0
131 132 30
129 24 99
132 24 89
11 133 0
133 134 10
11 135 0
135 136 24
136 137 86
137 138 26
134 25 47
138 25 77
12 139 0
139 140 20
140 141 53
12 142 0
142 143 71
143 144 93
144 145 76
12 146 0
146 147 20
147 148 60
148 149 67
141 26 35
145 26 14
149 26 90
13 150 0
150 151 46
13 152 0
152 153 45
153 154 97
154 155 45
151 27 82
155 27 26
7 156 0
156 157 32
157 158 63
7 159 0
159 160 70
160 161 53
161 162 91
7 163 0
163 164 76
164 165 31
158 28 51
162 28 14
165 28 79
8 166 0
166 167 62
167 168 13
168 169 96
8 170 0
170 171 75
171 172 16
172 173 66
8 174 0
174 175 71
169 29 77
173 29 28
175 29 20
9 176 0
176 177 56
9 178 0
178 179 14
181 182 46
182 183 24
177 30 70
179 30 34
183 30 45
10 184 0
184 185 57
10 186 0
186 187 62
185 31 46
187 31 31
188 189 40
189 190 28
190 191 55
11 192 0
192 193 23
194 195 48
195 196 53
191 32 30
193 32 79
196 32 62
12 197 0
197 198 64
198 199 10
12 200 0
200 201 57
201 202 37
202 203 29
199 33 28
203 33 79
14 34 60
14 54 0
15 35 32
15 54 0
16 36 71
16 54 0
17 37 32
17 54 0
18 38 41
18 54 0
19 39 51
19 54 0
20 54 64
21 41 67
21 54 0
22 42 87
22 54 0
23 43 27
23 54 0
24 44 79
24 54 0
25 45 52
25 54 0
26 46 11
26 54 0
27 47 63
27 54 0
28 48 81
28 54 0
29 49 80
29 54 0
30 50 64
30 54 0
31 51 52
31 54 0
32 52 64
32 54 0
33 53 68
33 54 0
34 55 29
35 55 92
36 55 63
37 55 27
38 55 25
39 55 90
40 55 71
41 55 24
42 55 34
43 55 82
44 55 32
45 55 60
46 55 81
47 55 27
48 55 56
49 55 52
52 55 20
53 55 38
