126 156
0 7 38
1 8 41
2 9 64
3 10 42
4 11 59
5 12 76
6 13 61
7 41 26
41 42 40
7 43 0
43 44 57
44 45 85
7 46 0
46 47 28
47 48 57
42 14 54
45 14 75
48 14 87
8 49 61
49 50 76
50 51 90
51 52 56
8 53 0
54 55 70
55 56 47
52 15 49
56 15 84
9 57 68
57 58 98
58 59 45
59 60 62
9 61 0
61 62 45
60 16 18
62 16 68
10 63 76
63 64 95
10 65 0
65 66 76
66 67 18
64 17 10
67 17 98
68 69 29
11 70 71
70 71 24
71 72 96
72 73 27
11 74 0
74 75 84
75 76 30
69 18 49
73 18 33
76 18 76
12 77 56
77 78 99
78 79 55
79 80 79
12 81 0
81 82 39
82 83 67
83 84 24
80 19 91
84 19 24
13 85 40
85 86 68
86 87 40
87 88 83
13 89 0
89 90 29
90 91 47
88 20 95
91 20 56
7 92 0
92 93 30
7 94 0
94 95 58
95 96 80
96 97 24
7 98 0
98 99 28
99 100 98
93 21 33
97 21 59
100 21 62
8 101 0
101 102 52
102 103 80
8 104 0
104 105 43
103 22 100
105 22 82
9 106 0
106 107 86
9 108 0
108 109 16
109 110 39
9 111 0
111 112 85
112 113 18
107 23 39
110 23 51
113 23 87
10 114 0
114 115 32
116 117 61
115 24 74
11 118 0
118 119 62
119 120 47
120 121 96
11 122 0
122 123 50
124 125 11
121 25 41
125 25 96
14 26 21
14 38 0
15 27 44
15 38 0
16 38 40
17 29 29
17 38 0
18 30 24
18 38 0
19 31 45
19 38 0
20 32 25
20 38 0
21 33 89
21 38 0
22 38 94
23 35 85
24 36 76
24 38 0
25 37 42
25 38 0
26 39 24
27 39 13
28 39 74
29 39 100
30 39 44
31 39 14
32 39 61
33 39 73
34 39 58
35 39 88
36 39 85
