153 195
0 7 32
1 8 21
2 9 76
3 10 56
4 11 64
5 12 78
6 13 25
7 47 32
47 48 78
48 49 51
7 50 0
50 51 92
49 14 57
51 14 31
8 52 30
52 53 10
8 54 0
54 55 45
8 56 0
56 57 71
58 59 28
53 15 64
55 15 63
59 15 79
9 60 87
60 61 45
61 62 11
62 63 32
9 64 0
64 65 31
65 66 80
66 67 63
9 68 0
68 69 25
69 70 92
70 71 70
63 16 36
67 16 22
10 72 58
72 73 73
10 74 0
74 75 23
75 76 74
76 77 54
73 17 26
77 17 19
11 78 29
78 79 17
11 80 0
82 83 63
11 84 0
84 85 68
79 18 82
83 18 13
85 18 11
12 86 21
86 87 99
12 88 0
88 89 42
89 90 67
90 91 33
12 92 0
92 93 14
87 19 21
91 19 68
93 19 95
13 94 50
94 95 55
13 96 0
96 97 48
97 98 76
95 20 83
98 20 86
7 99 0
99 100 58
100 101 86
101 102 78
7 103 0
103 104 50
104 105 82
105 106 74
102 21 23
106 21 83
8 107 0
107 108 23
108 109 25
8 110 0
110 111 97
8 112 0
112 113 49
109 22 11
111 22 72
113 22 45
9 114 0
114 115 69
9 116 0
116 117 53
117 118 72
118 119 14
9 120 0
120 121 11
115 23 73
119 23 59
121 23 55
10 122 0
122 123 25
10 124 0
124 125 53
123 24 46
125 24 48
11 126 0
126 127 56
127 128 31
129 130 23
11 131 0
131 132 61
132 133 55
133 134 61
128 25 90
130 25 16
134 25 67
12 135 0
135 136 14
136 137 62
137 138 39
12 139 0
139 140 20
138 26 40
140 26 72
13 141 0
141 142 11
142 143 77
13 144 0
145 146 48
146 147 86
143 27 74
147 27 64
7 148 0
7 150 0
150 151 26
151 152 22
149 28 69
152 28 82
14 29 10
14 44 0
15 30 43
15 44 0
16 31 21
16 44 0
17 32 50
18 33 53
18 44 0
19 34 44
19 44 0
20 35 51
20 44 0
21 36 65
22 44 45
23 38 20
23 44 0
24 39 48
24 44 0
25 40 93
25 44 0
26 41 76
26 44 0
27 42 78
27 44 0
28 43 62
28 44 0
29 45 53
30 45 76
31 45 96
32 45 98
33 45 57
34 45 10
35 45 68
36 45 32
37 45 34
38 45 100
39 45 27
40 45 94
41 45 100
42 45 31
43 45 97
