311 402
0 11 68
1 12 68
2 13 23
3 14 67
4 15 77
5 16 94
6 17 12
7 18 49
8 19 11
9 20 75
10 21 60
11 87 44
87 88 91
88 89 48
11 90 0
90 91 33
91 92 77
11 93 0
93 94 49
89 22 14
92 22 60
94 22 51
12 95 32
95 96 26
96 97 31
97 98 48
12 99 0
99 100 35
100 101 29
12 102 0
102 103 43
103 104 28
104 105 50
98 23 21
101 23 89
105 23 35
106 107 96
107 108 49
108 109 92
13 110 91
110 111 42
111 112 84
112 113 67
109 24 30
113 24 97
114 115 32
116 117 21
14 118 55
118 119 96
119 120 25
120 121 69
117 25 47
121 25 86
15 122 84
122 123 25
123 124 70
124 125 16
15 126 0
126 127 93
127 128 57
15 129 0
129 130 26
125 26 34
128 26 40
130 26 87
16 131 85
131 132 43
16 133 0
133 134 40
134 135 24
135 136 58
132 27 65
136 27 59
17 137 36
137 138 31
138 139 27
17 140 0
140 141 65
17 142 0
142 143 63
139 28 47
141 28 50
143 28 50
18 144 90
144 145 24
145 146 60
18 147 0
148 149 13
149 150 22
18 151 0
152 153 97
153 154 13
146 29 92
150 29 27
154 29 85
19 155 69
155 156 23
19 157 0
157 158 55
156 30 91
158 30 44
20 159 21
159 160 25
160 161 61
20 162 0
162 163 58
163 164 84
161 31 26
164 31 59
21 165 36
165 166 44
166 167 35
21 168 0
168 169 62
169 170 90
167 32 71
170 32 90
11 171 0
171 172 61
172 173 10
11 174 0
174 175 68
175 176 38
173 33 91
176 33 23
12 177 0
177 178 47
178 179 95
12 180 0
180 181 28
181 182 93
179 34 47
182 34 78
13 183 0
183 184 28
184 185 42
13 186 0
186 187 21
13 188 0
188 189 71
189 190 73
190 191 96
185 35 68
187 35 29
191 35 65
14 192 0
192 193 79
193 194 77
14 195 0
195 196 38
196 197 55
194 36 47
197 36 56
15 198 0
198 199 42
15 200 0
200 201 33
15 202 0
202 203 36
203 204 64
204 205 34
201 37 81
205 37 21
16 206 0
207 208 49
16 209 0
209 210 40
210 211 56
208 38 82
211 38 65
17 212 0
212 213 50
213 214 55
214 215 16
17 216 0
216 217 63
217 218 22
218 219 57
215 39 52
219 39 35
18 220 0
220 221 73
18 222 0
222 223 41
221 40 74
223 40 28
19 224 0
224 225 70
19 226 0
226 227 80
225 41 94
227 41 73
20 228 0
228 229 16
229 230 11
230 231 18
20 232 0
232 233 20
231 42 86
233 42 67
21 234 0
234 235 70
235 236 97
21 237 0
237 238 10
238 239 28
21 240 0
240 241 29
236 43 47
239 43 17
241 43 53
11 242 0
242 243 64
243 244 100
244 245 88
11 246 0
246 247 17
245 44 17
247 44 70
12 248 0
248 249 23
12 250 0
250 251 38
249 45 58
252 45 99
13 253 0
253 254 99
254 255 14
13 256 0
256 257 20
257 258 23
258 259 14
13 260 0
260 261 10
255 46 37
259 46 28
261 46 40
14 262 0
262 263 54
263 264 89
14 265 0
265 266 31
266 267 57
14 268 0
268 269 28
269 270 39
270 271 99
264 47 33
267 47 28
271 47 53
15 272 0
272 273 54
273 274 60
15 275 0
275 276 39
15 277 0
277 278 93
278 279 25
274 48 85
276 48 49
279 48 44
16 280 0
280 281 63
281 282 16
282 283 14
16 284 0
284 285 100
285 286 81
286 287 80
16 288 0
288 289 37
283 49 49
287 49 50
289 49 60
17 290 0
290 291 51
291 292 100
292 293 42
17 294 0
294 295 29
17 296 0
296 297 58
293 50 61
295 50 87
297 50 78
18 298 0
298 299 28
18 300 0
300 301 89
301 302 38
299 51 12
302 51 37
19 303 0
303 304 84
304 305 10
305 306 79
19 307 0
307 308 83
308 309 26
309 310 50
306 52 96
310 52 78
22 53 18
22 84 0
23 54 78
23 84 0
24 55 89
24 84 0
25 56 35
25 84 0
26 57 67
26 84 0
27 58 95
27 84 0
28 59 12
28 84 0
29 60 60
29 84 0
30 61 40
30 84 0
31 62 68
31 84 0
32 63 53
32 84 0
33 64 37
33 84 0
34 65 23
34 84 0
35 66 38
35 84 0
36 67 10
36 84 0
37 68 78
37 84 0
38 69 16
38 84 0
39 70 29
39 84 0
40 71 51
40 84 0
41 72 81
41 84 0
42 73 61
42 84 0
43 74 39
43 84 0
44 75 54
45 76 76
45 84 0
46 77 88
46 84 0
47 78 87
47 84 0
48 79 51
48 84 0
49 80 40
49 84 0
50 81 36
50 84 0
51 82 99
51 84 0
52 83 69
52 84 0
53 85 86
54 85 15
55 85 15
56 85 48
57 85 12
58 85 82
59 85 22
60 85 42
61 85 77
62 85 96
63 85 26
64 85 15
65 85 91
66 85 15
67 85 75
68 85 74
69 85 47
70 85 26
71 85 24
72 85 26
73 85 63
74 85 19
75 85 81
76 85 50
77 85 70
78 85 97
79 85 47
80 85 85
81 85 32
82 85 29
83 85 59
