341 433
0 16 72
1 17 76
2 18 14
3 19 71
4 20 66
5 21 35
6 22 66
7 23 43
8 24 100
9 25 12
10 26 47
11 27 95
12 28 62
13 29 79
14 30 70
15 31 27
16 97 71
97 98 11
98 99 86
99 100 40
16 101 0
101 102 10
16 103 0
103 104 17
104 105 42
100 32 23
105 32 21
17 106 77
106 107 42
107 108 65
108 109 98
17 110 0
110 111 45
109 33 50
111 33 28
18 112 63
112 113 94
113 114 81
18 115 0
115 116 16
114 34 39
116 34 80
19 117 90
117 118 64
19 119 0
119 120 59
19 121 0
121 122 35
122 123 19
120 35 53
123 35 38
20 124 10
124 125 39
125 126 73
126 127 45
20 128 0
128 129 63
20 130 0
127 36 97
129 36 95
131 36 54
21 132 44
132 133 51
133 134 17
134 135 37
21 136 0
136 137 34
137 138 86
138 139 47
135 37 98
139 37 84
22 140 83
140 141 85
141 142 51
142 143 57
144 145 22
145 146 11
146 147 50
143 38 86
147 38 82
23 148 33
148 149 68
149 150 80
150 151 85
23 152 0
152 153 97
153 154 76
154 155 27
23 156 0
156 157 59
151 39 71
155 39 75
158 39 59
24 159 24
159 160 84
24 161 0
161 162 74
162 163 57
163 164 13
160 40 91
164 40 53
25 165 97
165 166 30
25 167 0
167 168 62
25 169 0
169 170 16
170 171 49
166 41 24
168 41 85
171 41 11
26 172 10
172 173 18
173 174 74
26 175 0
175 176 48
176 177 73
177 178 17
26 179 0
179 180 53
174 42 35
178 42 20
180 42 67
27 181 47
181 182 23
182 183 65
27 184 0
184 185 58
27 186 0
186 187 50
187 188 63
188 189 99
183 43 30
185 43 70
189 43 31
28 190 81
190 191 83
191 192 61
192 193 14
28 194 0
194 195 77
195 196 66
28 197 0
197 198 47
193 44 51
196 44 69
198 44 94
29 199 36
199 200 76
200 201 98
201 202 32
29 203 0
203 204 55
202 45 87
204 45 95
30 205 15
205 206 76
206 207 42
30 208 0
208 209 45
209 210 24
210 211 84
30 212 0
212 213 74
207 46 23
211 46 36
213 46 16
31 214 57
214 215 88
215 216 37
31 217 0
217 218 24
216 47 85
218 47 87
16 219 0
219 220 96
220 221 66
16 222 0
222 223 19
16 224 0
224 225 31
225 226 82
221 48 97
223 48 79
226 48 19
17 227 0
227 228 67
17 229 0
229 230 48
230 231 75
231 232 20
17 233 0
233 234 55
234 235 39
228 49 13
232 49 49
235 49 34
18 236 0
236 237 10
237 238 43
18 239 0
239 240 62
240 241 26
241 242 28
238 50 49
242 50 10
19 243 0
243 244 16
244 245 27
19 246 0
246 247 57
247 248 32
248 249 42
245 51 55
249 51 69
20 250 0
250 251 69
251 252 14
252 253 59
20 254 0
254 255 24
20 257 0
257 258 43
258 259 89
259 260 48
253 52 82
256 52 46
260 52 86
21 261 0
261 262 55
21 263 0
263 264 23
262 53 95
264 53 95
22 265 0
265 266 93
22 267 0
267 268 42
268 269 48
269 270 14
22 271 0
271 272 89
272 273 39
273 274 13
266 54 70
270 54 77
274 54 87
23 275 0
275 276 12
23 277 0
277 278 19
23 279 0
279 280 88
280 281 17
281 282 56
276 55 24
278 55 66
282 55 73
24 283 0
284 285 11
24 286 0
286 287 11
287 288 91
288 289 12
285 56 31
289 56 40
25 290 0
291 292 69
25 293 0
293 294 71
294 295 91
25 296 0
296 297 82
297 298 67
298 299 14
292 57 48
295 57 49
299 57 72
26 300 0
300 301 28
301 302 40
302 303 86
26 304 0
304 305 34
305 306 78
26 307 0
307 308 35
308 309 59
309 310 41
303 58 32
306 58 42
310 58 15
27 311 0
311 312 66
312 313 96
27 314 0
314 315 81
27 316 0
317 318 16
313 59 98
315 59 42
318 59 79
28 319 0
319 320 83
320 321 78
321 322 28
28 323 0
323 324 83
322 60 87
324 60 41
29 325 0
325 326 79
29 327 0
327 328 51
326 61 32
328 61 12
30 329 0
329 330 35
330 331 65
331 332 58
30 333 0
333 334 40
334 335 31
335 336 30
30 337 0
337 338 99
338 339 44
339 340 46
332 62 52
336 62 28
340 62 99
32 63 75
32 94 0
33 64 31
33 94 0
34 65 52
34 94 0
35 66 40
35 94 0
36 67 48
36 94 0
37 68 76
37 94 0
38 69 67
38 94 0
39 70 46
39 94 0
40 71 80
40 94 0
41 72 52
41 94 0
42 73 80
42 94 0
43 74 23
43 94 0
44 75 99
44 94 0
45 76 97
45 94 0
46 77 72
46 94 0
47 78 80
47 94 0
48 79 77
48 94 0
49 80 36
49 94 0
50 81 16
50 94 0
51 82 26
51 94 0
52 83 80
52 94 0
53 84 94
53 94 0
54 85 24
54 94 0
55 86 74
55 94 0
56 87 37
56 94 0
57 88 80
57 94 0
58 89 82
58 94 0
59 90 51
59 94 0
60 91 84
60 94 0
61 92 16
61 94 0
62 93 28
62 94 0
63 95 50
64 95 66
65 95 44
66 95 33
67 95 17
68 95 63
69 95 10
70 95 32
71 95 19
73 95 33
74 95 41
75 95 50
76 95 67
77 95 29
78 95 37
79 95 44
80 95 68
81 95 85
82 95 18
83 95 51
84 95 87
85 95 61
86 95 98
87 95 77
88 95 35
89 95 12
90 95 40
91 95 63
92 95 69
93 95 11
