141 180
0 5 100
1 6 10
2 7 10
3 8 32
4 9 84
5 39 60
39 40 81
5 41 0
41 42 52
42 43 29
5 44 0
44 45 65
45 46 93
40 10 28
43 10 76
46 10 83
6 47 76
47 48 89
48 49 28
49 50 71
6 51 0
51 52 57
50 11 25
52 11 37
7 53 48
53 54 41
54 55 37
55 56 43
7 57 0
57 58 95
58 59 89
56 12 81
59 12 27
8 60 84
60 61 68
8 62 0
62 63 66
8 64 0
64 65 10
66 67 67
61 13 17
63 13 83
67 13 58
9 68 99
68 69 70
9 70 0
70 71 14
71 72 62
72 73 60
74 75 23
75 76 22
76 77 100
69 14 25
73 14 51
77 14 10
5 78 0
78 79 45
79 80 54
5 81 0
81 82 53
5 83 0
83 84 15
85 86 30
80 15 91
82 15 97
86 15 92
6 87 0
87 88 94
6 89 0
89 90 40
6 91 0
91 92 23
88 16 51
90 16 100
92 16 87
7 93 0
93 94 41
94 95 33
7 97 0
97 98 46
98 99 15
99 100 76
96 17 70
100 17 62
8 101 0
101 102 17
103 104 37
8 105 0
105 106 89
8 107 0
107 108 26
108 109 38
109 110 34
104 18 42
106 18 23
110 18 64
9 111 0
111 112 95
9 113 0
113 114 58
114 115 23
9 116 0
116 117 32
117 118 10
112 19 12
115 19 95
118 19 52
119 120 45
120 121 99
5 122 0
122 123 86
121 20 88
123 20 99
6 124 0
124 125 70
6 127 0
127 128 70
128 129 51
6 130 0
131 132 52
126 21 86
132 21 30
7 133 0
133 134 64
134 135 39
135 136 65
7 137 0
137 138 83
138 139 14
139 140 43
136 22 92
140 22 52
10 23 72
10 36 0
11 24 46
11 36 0
12 25 50
12 36 0
13 26 52
13 36 0
14 27 33
14 36 0
15 28 60
15 36 0
16 29 40
16 36 0
17 30 17
17 36 0
18 31 68
18 36 0
19 32 53
19 36 0
20 33 96
20 36 0
21 36 70
22 35 18
22 36 0
23 37 61
24 37 14
25 37 87
26 37 63
27 37 93
28 37 66
29 37 38
30 37 26
31 37 33
32 37 34
33 37 43
34 37 39
35 37 28
