257 338
0 5 86
1 6 46
2 7 11
3 8 84
4 9 90
5 61 42
61 62 50
62 63 40
63 64 56
5 65 0
65 66 78
5 67 0
67 68 41
64 10 10
66 10 72
68 10 58
6 69 75
69 70 77
70 71 38
71 72 33
6 73 0
74 75 60
6 76 0
76 77 33
75 11 27
77 11 81
7 78 87
78 79 17
79 80 83
7 81 0
81 82 41
80 12 77
82 12 23
8 83 79
83 84 75
84 85 64
8 86 0
86 87 17
85 13 61
87 13 80
9 88 36
88 89 75
89 90 40
90 91 64
9 92 0
92 93 88
93 94 30
94 95 33
9 96 0
96 97 59
91 14 58
95 14 97
97 14 75
5 98 0
98 99 18
5 100 0
100 101 66
101 102 91
102 103 84
5 104 0
104 105 50
105 106 89
106 107 11
99 15 60
103 15 33
107 15 82
6 108 0
108 109 85
109 110 95
110 111 35
6 112 0
112 113 23
111 16 72
113 16 67
7 114 0
114 115 12
115 116 28
116 117 20
7 118 0
118 119 94
7 120 0
120 121 53
121 122 59
117 17 20
119 17 64
122 17 68
8 123 0
123 124 88
124 125 77
125 126 41
8 127 0
127 128 13
128 129 18
129 130 96
126 18 54
130 18 39
9 131 0
131 132 85
133 134 21
134 135 60
135 136 27
9 137 0
137 138 60
138 139 12
132 19 50
136 19 14
139 19 69
140 141 93
141 142 22
142 143 83
5 144 0
144 145 45
5 146 0
146 147 48
147 148 43
143 20 30
145 20 10
148 20 60
6 149 0
149 150 76
6 151 0
151 152 85
152 153 68
153 154 40
150 21 30
154 21 75
7 155 0
155 156 64
156 157 43
157 158 30
7 159 0
159 160 55
7 161 0
161 162 86
162 163 57
163 164 43
158 22 36
160 22 53
164 22 92
8 165 0
165 166 39
8 167 0
167 168 20
8 169 0
169 170 51
166 23 75
168 23 87
170 23 34
9 171 0
171 172 49
172 173 13
9 174 0
174 175 41
175 176 16
9 177 0
177 178 51
178 179 33
179 180 93
173 24 28
176 24 43
180 24 42
5 181 0
181 182 10
5 183 0
183 184 90
5 185 0
185 186 41
186 187 63
182 25 94
184 25 41
187 25 13
6 188 0
188 189 79
189 190 47
6 191 0
191 192 17
6 193 0
193 194 79
194 195 74
195 196 97
190 26 96
192 26 31
196 26 96
7 197 0
197 198 69
198 199 22
7 200 0
200 201 63
201 202 25
202 203 99
7 204 0
204 205 87
199 27 98
203 27 36
205 27 14
206 207 78
8 208 0
208 209 47
209 210 43
210 211 71
212 213 43
213 214 54
207 28 98
211 28 11
214 28 41
9 215 0
215 216 35
216 217 56
9 218 0
218 219 26
219 220 79
220 221 68
9 222 0
222 223 31
223 224 62
224 225 64
217 29 49
221 29 50
225 29 72
5 226 0
226 227 60
5 228 0
228 229 82
229 230 82
230 231 10
5 232 0
232 233 81
233 234 55
227 30 80
231 30 95
234 30 45
6 235 0
236 237 58
237 238 51
6 239 0
239 240 86
240 241 48
238 31 84
241 31 89
7 242 0
242 243 26
243 244 79
244 245 88
7 246 0
246 247 21
247 248 48
248 249 50
7 250 0
250 251 81
251 252 48
245 32 18
249 32 50
252 32 64
8 253 0
253 254 83
8 255 0
255 256 100
254 33 14
256 33 15
10 34 22
10 58 0
11 35 19
11 58 0
12 36 69
12 58 0
13 37 43
13 58 0
14 38 11
14 58 0
15 39 10
15 58 0
16 40 47
16 58 0
17 41 65
17 58 0
18 42 33
18 58 0
19 43 99
19 58 0
20 44 63
20 58 0
21 45 56
21 58 0
22 46 20
22 58 0
23 47 83
24 48 40
24 58 0
25 49 87
25 58 0
26 50 48
26 58 0
27 51 51
27 58 0
28 52 68
28 58 0
29 53 24
29 58 0
30 54 67
30 58 0
31 55 49
32 56 57
32 58 0
33 57 90
33 58 0
34 59 59
35 59 19
36 59 31
37 59 23
38 59 65
39 59 24
40 59 93
41 59 20
43 59 45
44 59 31
45 59 64
46 59 23
47 59 84
48 59 93
49 59 64
50 59 99
51 59 27
52 59 86
53 59 13
54 59 35
55 59 36
56 59 95
57 59 19
