367 425
0 86 89
86 87 90
87 88 87
0 89 0
89 90 45
0 91 0
91 92 12
92 93 84
0 94 0
94 95 87
88 13 15
90 13 37
93 13 43
95 13 86
1 96 77
96 97 74
97 98 18
1 99 0
99 100 39
1 101 0
101 102 65
102 103 99
98 14 91
100 14 73
103 14 16
2 104 29
104 105 70
105 106 52
2 107 0
107 108 25
108 109 13
2 110 0
110 111 29
111 112 39
112 113 84
106 15 58
109 15 36
113 15 38
3 114 84
114 115 100
115 116 25
116 117 82
3 118 0
118 119 79
119 120 73
3 122 0
122 123 97
123 124 46
117 16 16
121 16 80
124 16 12
4 125 99
125 126 31
4 127 0
127 128 53
4 129 0
129 130 64
130 131 50
131 132 31
4 133 0
133 134 67
134 135 45
135 136 57
126 17 27
128 17 33
132 17 86
136 17 42
5 137 39
137 138 50
5 139 0
140 141 21
5 143 0
143 144 87
144 145 45
145 146 79
5 147 0
147 148 32
138 18 62
142 18 91
146 18 94
148 18 81
6 149 35
149 150 65
150 151 59
6 152 0
152 153 39
153 154 56
154 155 20
6 156 0
156 157 57
157 158 25
158 159 69
6 160 0
160 161 19
161 162 54
151 19 99
155 19 80
159 19 70
7 163 92
163 164 24
7 165 0
165 166 100
166 167 93
167 168 10
7 169 0
169 170 11
164 20 94
168 20 59
170 20 48
8 171 12
171 172 83
172 173 56
8 174 0
174 175 40
175 176 93
176 177 40
8 178 0
178 179 95
8 180 0
180 181 18
181 182 63
182 183 15
173 21 52
177 21 65
179 21 26
183 21 28
9 184 45
184 185 76
9 186 0
186 187 29
187 188 30
9 189 0
189 190 91
190 191 17
191 192 79
185 22 26
188 22 63
192 22 17
10 193 41
193 194 19
10 195 0
195 196 91
196 197 48
198 199 12
10 200 0
200 201 100
201 202 97
202 203 65
194 23 53
197 23 44
199 23 93
203 23 88
11 204 26
204 205 83
205 206 38
11 207 0
207 208 79
208 209 99
11 210 0
210 211 49
211 212 77
212 213 76
206 24 82
209 24 42
213 24 71
12 214 63
214 215 12
12 216 0
216 217 28
12 218 0
218 219 73
12 220 0
220 221 67
221 222 76
215 25 88
217 25 98
219 25 72
222 25 81
13 26 93
0 43 0
14 27 20
1 44 0
15 28 56
2 45 0
16 29 30
3 46 0
17 30 10
4 47 0
18 31 59
5 48 0
19 32 99
6 49 0
20 33 20
7 50 0
21 34 39
8 51 0
22 35 94
9 52 0
23 36 72
10 53 0
24 37 69
11 54 0
25 38 88
12 55 0
43 223 55
223 224 70
224 225 51
225 226 87
43 227 0
227 228 61
228 229 61
43 230 0
230 231 30
231 232 60
43 233 0
233 234 33
226 56 30
229 56 34
232 56 75
234 56 24
56 69 76
44 235 30
235 236 65
44 237 0
237 238 30
238 239 82
44 240 0
240 241 12
236 57 40
239 57 72
241 57 20
57 70 50
45 242 59
242 243 37
243 244 55
45 245 0
245 246 60
246 247 44
45 248 0
248 249 44
249 250 25
250 251 60
244 58 34
247 58 22
251 58 17
58 71 84
46 252 57
252 253 51
46 254 0
254 255 45
255 256 34
46 257 0
257 258 47
258 259 45
259 260 84
46 261 0
261 262 61
262 263 85
263 264 37
253 59 33
256 59 57
260 59 46
264 59 79
59 72 40
47 265 66
265 266 27
266 267 82
47 268 0
268 269 43
47 270 0
270 271 95
271 272 84
272 273 16
47 274 0
274 275 47
275 276 51
267 60 41
269 60 98
273 60 68
276 60 37
60 73 69
48 277 99
277 278 72
278 279 67
279 280 30
48 281 0
281 282 44
282 283 95
283 284 11
48 285 0
285 286 77
287 288 43
48 289 0
289 290 71
280 61 87
284 61 58
288 61 27
290 61 35
61 74 69
49 291 86
291 292 28
292 293 45
49 294 0
294 295 84
295 296 59
296 297 48
49 298 0
298 299 36
299 300 51
49 301 0
301 302 53
302 303 64
303 304 31
293 62 37
297 62 62
300 62 47
304 62 33
62 75 49
50 305 47
305 306 84
306 307 87
50 308 0
308 309 92
309 310 76
50 311 0
311 312 19
50 313 0
313 314 10
314 315 72
315 316 47
307 63 83
310 63 68
312 63 50
63 76 55
51 317 87
317 318 20
318 319 41
319 320 83
51 321 0
322 323 25
51 324 0
324 325 32
325 326 86
326 327 14
320 64 42
323 64 34
327 64 31
64 77 91
52 328 80
328 329 78
52 330 0
330 331 14
331 332 88
52 333 0
333 334 19
329 65 25
332 65 73
334 65 12
65 78 61
53 335 99
335 336 74
53 337 0
337 338 97
338 339 55
53 340 0
340 341 55
341 342 16
342 343 31
53 344 0
344 345 66
339 66 85
343 66 70
345 66 54
66 79 77
54 346 94
346 347 51
54 348 0
348 349 10
349 350 97
350 351 62
54 352 0
352 353 12
347 67 29
351 67 89
353 67 96
67 80 69
55 354 15
354 355 70
55 356 0
55 358 0
358 359 32
359 360 71
360 361 54
55 362 0
362 363 69
363 364 58
364 365 18
355 68 57
357 68 91
361 68 12
365 68 27
68 81 34
366 0 90
366 1 0
366 2 0
366 3 0
366 4 0
366 5 0
366 6 0
366 7 0
366 8 0
366 9 0
366 10 0
366 11 0
366 12 0
