370 461
0 76 64
77 78 28
79 80 88
80 81 12
0 82 0
82 83 47
83 84 25
85 86 81
86 87 32
0 88 0
88 89 63
89 90 67
0 91 0
91 92 85
92 93 86
78 12 33
81 12 46
84 12 39
87 12 99
90 12 18
93 12 69
1 94 64
94 95 85
1 96 0
96 97 58
97 98 88
1 99 0
99 100 86
1 101 0
101 102 41
102 103 37
95 13 27
98 13 79
100 13 30
103 13 25
2 104 45
104 105 36
2 106 0
106 107 63
2 108 0
108 109 67
2 110 0
110 111 49
2 112 0
112 113 43
2 114 0
114 115 34
115 116 72
105 14 18
107 14 71
109 14 12
111 14 40
113 14 90
116 14 71
3 117 71
117 118 96
3 119 0
119 120 83
3 121 0
121 122 76
122 123 55
3 124 0
124 125 83
125 126 36
3 127 0
127 128 56
118 15 70
120 15 60
123 15 79
126 15 18
128 15 87
4 129 95
129 130 94
4 131 0
131 132 16
132 133 36
4 134 0
134 135 20
4 136 0
136 137 29
4 138 0
138 139 16
130 16 25
133 16 43
135 16 42
137 16 92
139 16 91
5 140 25
140 141 70
5 142 0
142 143 10
5 144 0
144 145 27
145 146 81
5 147 0
147 148 62
5 149 0
149 150 61
5 151 0
151 152 15
141 17 32
143 17 74
146 17 63
148 17 69
150 17 100
152 17 44
6 153 28
153 154 42
6 155 0
155 156 79
156 157 40
6 158 0
158 159 20
159 160 84
6 161 0
161 162 40
154 18 36
157 18 18
160 18 70
162 18 70
7 163 20
163 164 46
7 165 0
165 166 92
166 167 39
7 168 0
168 169 33
7 170 0
7 172 0
172 173 22
173 174 94
7 175 0
175 176 70
176 177 99
167 19 22
169 19 53
171 19 77
174 19 65
177 19 16
8 178 18
178 179 53
8 180 0
180 181 99
181 182 67
8 183 0
183 184 31
184 185 58
8 186 0
186 187 97
8 188 0
188 189 48
8 190 0
190 191 41
179 20 75
182 20 11
185 20 81
187 20 75
189 20 11
191 20 75
9 192 31
192 193 76
193 194 80
9 195 0
195 196 81
9 197 0
197 198 77
198 199 14
9 200 0
200 201 27
201 202 22
194 21 43
196 21 29
199 21 31
202 21 29
10 203 50
203 204 23
10 205 0
205 206 73
206 207 87
10 208 0
208 209 21
209 210 17
10 211 0
211 212 72
212 213 20
10 214 0
214 215 70
10 216 0
216 217 35
204 22 80
207 22 99
210 22 96
213 22 76
215 22 49
217 22 10
11 218 10
218 219 57
219 220 82
11 221 0
221 222 29
11 223 0
223 224 51
11 225 0
225 226 39
226 227 99
11 228 0
228 229 80
229 230 66
220 23 10
222 23 34
224 23 42
227 23 44
230 23 20
12 24 30
0 38 0
13 25 17
1 39 0
14 26 81
2 40 0
15 27 52
3 41 0
16 28 19
4 42 0
5 43 0
18 30 36
6 44 0
19 31 65
7 45 0
20 32 79
8 46 0
21 33 59
9 47 0
22 34 10
10 48 0
23 35 86
11 49 0
38 231 15
231 232 48
232 233 99
38 234 0
234 235 69
38 236 0
236 237 33
237 238 61
38 239 0
239 240 29
240 241 19
233 50 14
235 50 55
238 50 57
241 50 59
50 62 57
39 242 13
242 243 48
39 244 0
244 245 87
39 246 0
246 247 89
39 248 0
248 249 97
39 250 0
250 251 69
251 252 55
243 51 28
245 51 53
247 51 35
249 51 45
252 51 72
51 63 15
40 253 43
253 254 36
254 255 68
40 256 0
256 257 33
40 258 0
258 259 50
259 260 99
40 261 0
261 262 74
40 263 0
263 264 93
264 265 60
255 52 12
257 52 24
260 52 94
262 52 91
265 52 43
52 64 93
41 266 53
266 267 28
41 268 0
268 269 94
269 270 38
41 271 0
271 272 64
41 273 0
273 274 96
41 275 0
275 276 89
276 277 34
41 278 0
278 279 38
267 53 85
270 53 49
272 53 93
274 53 26
279 53 74
53 65 35
42 280 18
280 281 67
281 282 73
42 283 0
283 284 15
284 285 58
42 286 0
286 287 79
287 288 31
42 289 0
289 290 70
290 291 89
282 54 25
285 54 87
288 54 95
291 54 87
54 66 19
43 292 11
292 293 54
43 294 0
294 295 69
295 296 90
43 297 0
297 298 92
43 299 0
299 300 30
293 55 24
296 55 79
298 55 92
300 55 34
55 67 30
44 301 21
301 302 55
302 303 61
44 304 0
304 305 86
44 306 0
306 307 42
44 308 0
308 309 36
309 310 82
303 56 37
305 56 84
307 56 94
310 56 43
56 68 67
45 311 27
311 312 65
45 313 0
313 314 59
45 315 0
315 316 50
45 317 0
317 318 29
318 319 57
312 57 89
314 57 80
316 57 88
319 57 43
57 69 95
46 320 51
320 321 55
46 322 0
322 323 54
323 324 40
46 325 0
325 326 13
326 327 59
46 328 0
328 329 64
321 58 43
324 58 61
327 58 68
329 58 25
58 70 89
47 330 63
330 331 68
47 332 0
332 333 96
47 334 0
334 335 66
335 336 99
47 337 0
337 338 31
47 339 0
339 340 51
47 341 0
341 342 100
331 59 64
333 59 39
336 59 22
338 59 98
340 59 60
342 59 98
59 71 17
343 344 51
48 345 48
345 346 41
48 347 0
347 348 37
48 349 0
349 350 65
350 351 21
48 352 0
352 353 73
353 354 64
344 60 98
346 60 12
348 60 91
351 60 84
354 60 28
60 72 33
355 356 55
49 357 47
357 358 58
358 359 100
49 360 0
360 361 51
49 362 0
362 363 95
49 364 0
364 365 61
49 366 0
366 367 51
367 368 56
356 61 86
359 61 94
361 61 11
363 61 89
365 61 89
368 61 58
61 73 62
369 1 92
369 2 0
369 3 0
369 4 0
369 5 0
369 6 0
369 7 0
369 8 0
369 9 0
369 10 0
369 11 0
