211 245
0 52 19
52 53 96
53 54 64
0 55 0
55 56 95
56 57 61
0 58 0
58 59 69
0 60 0
60 61 72
61 62 55
54 6 81
57 6 92
59 6 64
62 6 53
1 63 11
63 64 11
1 65 0
65 66 82
1 67 0
67 68 78
1 69 0
69 70 12
70 71 83
1 72 0
72 73 64
1 74 0
74 75 78
75 76 85
64 7 58
66 7 40
68 7 22
71 7 44
73 7 57
76 7 70
2 77 58
77 78 95
2 79 0
79 80 30
80 81 40
2 82 0
82 83 37
2 84 0
84 85 60
85 86 14
2 87 0
2 89 0
89 90 22
90 91 88
78 8 71
81 8 96
83 8 95
86 8 81
88 8 33
91 8 84
3 92 83
92 93 13
93 94 96
3 95 0
95 96 31
96 97 32
3 98 0
98 99 20
3 100 0
100 101 95
101 102 82
94 9 56
97 9 39
99 9 31
102 9 59
4 103 76
103 104 82
4 105 0
105 106 11
106 107 11
108 109 56
4 110 0
110 111 91
4 112 0
112 113 91
113 114 43
4 115 0
115 116 56
116 117 28
107 10 23
109 10 25
111 10 35
114 10 60
117 10 62
5 118 53
118 119 100
5 120 0
120 121 55
121 122 45
5 123 0
123 124 12
126 127 95
5 128 0
129 130 36
119 11 36
122 11 87
125 11 69
127 11 34
130 11 14
6 12 10
0 26 0
7 13 98
1 27 0
8 14 62
2 28 0
9 15 97
3 29 0
10 16 71
4 30 0
11 17 38
5 31 0
26 131 28
131 132 86
132 133 26
26 134 0
134 135 84
135 136 65
26 137 0
137 138 92
138 139 74
26 140 0
140 141 52
26 142 0
142 143 63
133 32 26
136 32 95
139 32 75
141 32 86
143 32 79
32 38 83
27 144 13
144 145 99
145 146 72
27 147 0
147 148 15
148 149 61
27 150 0
150 151 41
151 152 55
27 153 0
153 154 19
154 155 42
27 156 0
156 157 91
27 159 0
159 160 97
146 33 77
149 33 24
152 33 18
155 33 69
160 33 83
33 39 44
28 161 29
161 162 68
28 163 0
163 164 42
164 165 40
28 166 0
166 167 16
28 168 0
168 169 95
169 170 56
28 171 0
171 172 20
28 173 0
173 174 80
162 34 61
165 34 26
167 34 13
170 34 64
172 34 76
174 34 43
34 40 56
29 175 33
175 176 54
29 177 0
177 178 76
29 179 0
179 180 86
29 181 0
181 182 88
29 184 0
184 185 75
176 35 21
178 35 42
180 35 10
183 35 52
185 35 56
35 41 49
30 186 41
186 187 31
30 188 0
188 189 34
189 190 34
30 191 0
191 192 46
30 193 0
193 194 15
194 195 32
187 36 48
190 36 95
192 36 37
195 36 69
36 42 34
31 196 77
196 197 79
198 199 76
199 200 43
31 201 0
201 202 46
31 203 0
203 204 61
31 205 0
205 206 99
206 207 40
31 208 0
208 209 31
197 37 23
200 37 91
202 37 96
204 37 35
207 37 62
209 37 96
37 43 36
210 0 96
210 1 0
210 2 0
210 3 0
210 4 0
210 5 0
