327 379
0 80 59
80 81 96
81 82 66
0 83 0
83 84 56
0 85 0
85 86 41
86 87 79
82 12 56
84 12 92
87 12 94
1 88 65
88 89 74
1 90 0
90 91 17
91 92 61
1 93 0
93 94 18
94 95 37
89 13 67
92 13 99
95 13 89
2 96 59
96 97 83
2 98 0
98 99 17
2 100 0
100 101 68
101 102 64
102 103 33
2 104 0
104 105 54
105 106 18
106 107 42
97 14 99
99 14 12
103 14 58
107 14 54
3 108 56
108 109 48
3 110 0
110 111 31
3 112 0
112 113 39
113 114 27
114 115 99
109 15 75
111 15 85
115 15 12
4 116 27
116 117 35
117 118 67
4 119 0
119 120 75
120 121 59
121 122 14
4 123 0
123 124 51
4 125 0
125 126 18
126 127 55
127 128 90
118 16 44
122 16 92
124 16 95
128 16 82
5 129 81
129 130 87
130 131 34
5 132 0
132 133 10
5 134 0
134 135 61
135 136 91
5 137 0
137 138 21
131 17 29
133 17 68
136 17 40
138 17 50
6 139 14
139 140 37
6 141 0
141 142 79
142 143 80
143 144 12
6 145 0
145 146 67
146 147 77
147 148 76
6 149 0
149 150 100
140 18 49
144 18 37
148 18 51
7 151 50
151 152 77
7 153 0
153 154 82
154 155 23
155 156 55
157 158 33
158 159 37
152 19 42
156 19 42
159 19 30
8 160 15
160 161 31
161 162 55
8 163 0
163 164 71
8 165 0
165 166 20
166 167 20
162 20 81
164 20 43
167 20 91
9 168 32
168 169 95
169 170 29
170 171 92
9 172 0
172 173 13
173 174 40
9 175 0
175 176 88
171 21 54
174 21 60
176 21 67
10 177 38
177 178 58
10 179 0
179 180 93
10 181 0
181 182 52
182 183 55
183 184 74
178 22 26
180 22 46
184 22 58
11 185 19
185 186 60
11 187 0
187 188 35
11 189 0
189 190 77
190 191 99
11 193 0
194 195 72
186 23 32
188 23 80
192 23 54
195 23 22
12 24 15
0 40 0
13 25 49
1 41 0
14 26 13
2 42 0
15 27 90
3 43 0
16 28 31
4 44 0
17 29 66
5 45 0
18 30 31
6 46 0
19 31 65
7 47 0
20 32 94
8 48 0
21 33 50
9 49 0
22 34 39
10 50 0
23 35 66
11 51 0
40 196 20
196 197 49
40 198 0
198 199 85
199 200 18
200 201 46
40 202 0
202 203 96
203 204 66
40 205 0
205 206 51
206 207 99
197 52 63
201 52 45
204 52 49
207 52 46
52 64 64
41 208 25
208 209 70
209 210 78
41 211 0
211 212 94
212 213 84
41 214 0
214 215 73
41 216 0
216 217 92
210 53 43
213 53 90
215 53 76
217 53 43
53 65 22
42 218 73
218 219 68
42 220 0
220 221 99
42 222 0
222 223 40
42 224 0
224 225 23
219 54 89
221 54 39
223 54 80
225 54 87
54 66 46
43 226 56
226 227 20
43 228 0
228 229 78
229 230 16
43 231 0
231 232 72
232 233 49
43 234 0
234 235 67
235 236 79
236 237 16
227 55 60
230 55 33
233 55 17
237 55 87
55 67 84
44 238 32
238 239 65
239 240 30
44 241 0
241 242 41
242 243 20
243 244 84
44 245 0
245 246 58
246 247 47
240 56 73
244 56 67
247 56 11
56 68 79
45 248 39
248 249 72
249 250 62
45 251 0
251 252 46
45 254 0
254 255 97
255 256 54
45 257 0
257 258 69
258 259 56
259 260 51
250 57 37
253 57 82
256 57 41
260 57 88
46 261 27
261 262 76
262 263 70
46 264 0
264 265 81
265 266 99
46 267 0
267 268 32
268 269 12
269 270 15
46 271 0
271 272 41
266 58 92
270 58 90
272 58 17
58 70 65
47 273 81
273 274 19
47 275 0
275 276 90
276 277 81
47 278 0
278 279 14
279 280 97
274 59 95
277 59 45
280 59 46
59 71 86
48 281 16
281 282 83
282 283 87
283 284 82
48 285 0
48 287 0
287 288 20
288 289 100
289 290 41
284 60 28
286 60 70
290 60 58
60 72 50
49 291 98
291 292 57
49 293 0
293 294 39
294 295 41
49 296 0
296 297 83
297 298 93
49 299 0
299 300 100
300 301 18
295 61 12
298 61 71
301 61 46
61 73 42
50 302 61
302 303 37
303 304 47
50 305 0
305 306 83
306 307 88
307 308 60
50 309 0
309 310 76
310 311 23
50 312 0
312 313 51
313 314 97
308 62 79
311 62 68
314 62 81
62 74 26
51 315 33
315 316 90
316 317 42
317 318 93
51 319 0
319 320 42
320 321 80
51 322 0
322 323 44
323 324 90
324 325 61
318 63 82
321 63 36
325 63 35
63 75 11
326 0 34
326 1 0
326 2 0
326 3 0
326 4 0
326 5 0
326 6 0
326 7 0
326 8 0
326 9 0
326 10 0
326 11 0
