341 394
0 84 88
84 85 56
85 86 33
86 87 69
88 89 85
0 90 0
90 91 47
91 92 82
87 13 84
89 13 15
92 13 66
1 93 29
93 94 13
1 95 0
95 96 27
96 97 74
97 98 77
1 99 0
99 100 45
94 14 64
98 14 24
100 14 48
2 101 87
101 102 93
102 103 87
2 104 0
104 105 40
105 106 62
2 107 0
107 108 15
103 15 12
106 15 58
108 15 45
3 109 58
109 110 57
110 111 33
3 112 0
112 113 44
113 114 26
3 115 0
115 116 57
3 117 0
117 118 74
118 119 54
119 120 38
111 16 52
114 16 66
116 16 48
120 16 21
4 121 13
121 122 21
122 123 65
123 124 59
4 125 0
125 126 38
4 127 0
127 128 99
124 17 41
126 17 80
128 17 80
5 129 47
129 130 48
130 131 40
5 132 0
132 133 52
133 134 92
5 135 0
135 136 53
131 18 65
134 18 84
136 18 60
6 137 52
137 138 84
6 139 0
139 140 35
140 141 48
141 142 37
6 143 0
143 144 42
6 145 0
145 146 41
146 147 64
147 148 92
138 19 44
142 19 52
144 19 75
148 19 72
7 149 17
149 150 41
150 151 23
7 152 0
152 153 91
153 154 46
154 155 83
7 156 0
156 157 47
7 158 0
158 159 67
159 160 56
160 161 10
151 20 15
155 20 50
157 20 58
161 20 68
8 162 80
162 163 15
8 164 0
164 165 74
165 166 26
166 167 24
8 168 0
168 169 51
169 170 86
163 21 73
167 21 45
170 21 76
9 171 46
171 172 12
172 173 42
173 174 61
9 175 0
175 176 82
9 177 0
177 178 82
178 179 70
179 180 32
9 181 0
181 182 47
182 183 93
174 22 40
176 22 41
180 22 28
183 22 93
10 184 72
184 185 13
186 187 56
10 188 0
188 189 48
189 190 71
185 23 58
187 23 46
190 23 36
11 191 33
191 192 67
192 193 88
11 194 0
194 195 21
11 196 0
196 197 91
197 198 17
198 199 87
11 200 0
200 201 26
201 202 75
193 24 20
195 24 78
199 24 31
202 24 19
12 203 42
203 204 56
204 205 13
205 206 37
12 207 0
207 208 20
12 209 0
209 210 21
210 211 99
211 212 98
206 25 62
208 25 83
212 25 54
13 26 20
0 42 0
14 27 95
1 43 0
15 28 75
2 44 0
3 45 0
17 30 17
4 46 0
18 31 25
5 47 0
19 32 10
6 48 0
20 33 16
7 49 0
21 34 64
8 50 0
22 35 24
9 51 0
23 36 96
10 52 0
24 37 83
11 53 0
25 38 27
12 54 0
42 213 89
213 214 74
214 215 89
42 216 0
216 217 15
217 218 47
42 219 0
219 220 94
42 221 0
221 222 56
222 223 32
223 224 77
215 55 37
220 55 85
224 55 45
55 68 82
225 226 90
43 227 77
227 228 69
228 229 73
43 230 0
230 231 99
231 232 56
226 56 16
233 56 69
56 69 65
44 234 98
234 235 12
44 236 0
236 237 22
44 238 0
238 239 77
239 240 50
240 241 35
235 57 47
237 57 78
241 57 35
57 70 30
45 242 20
242 243 61
243 244 69
244 245 49
45 246 0
246 247 88
45 248 0
248 249 86
245 58 87
247 58 72
249 58 50
58 71 35
46 250 13
250 251 88
251 252 91
46 253 0
253 254 29
46 255 0
255 256 46
252 59 98
254 59 55
256 59 25
59 72 49
47 257 24
257 258 74
258 259 24
47 260 0
260 261 40
261 262 21
47 263 0
263 264 42
47 265 0
265 266 66
259 60 20
262 60 34
264 60 77
266 60 22
60 73 28
48 267 53
267 268 34
268 269 13
48 270 0
270 271 71
271 272 24
272 273 24
48 274 0
274 275 90
275 276 76
276 277 45
269 61 46
273 61 78
277 61 30
61 74 47
49 278 18
278 279 59
279 280 71
280 281 34
49 282 0
282 283 54
283 284 25
49 285 0
285 286 44
281 62 56
284 62 20
286 62 93
50 287 47
287 288 100
288 289 95
289 290 31
50 291 0
291 292 16
292 293 42
293 294 47
50 295 0
295 296 40
296 297 32
50 298 0
298 299 68
299 300 59
300 301 80
290 63 47
294 63 98
297 63 62
301 63 28
63 76 67
51 302 80
302 303 96
303 304 88
304 305 34
51 306 0
306 307 24
51 308 0
308 309 46
309 310 100
310 311 98
305 64 90
307 64 35
311 64 12
64 77 92
52 312 13
312 313 27
313 314 40
52 315 0
315 316 37
316 317 35
52 318 0
318 319 54
314 65 70
317 65 57
319 65 45
65 78 100
53 320 62
320 321 12
321 322 77
322 323 83
53 324 0
324 325 42
325 326 41
326 327 69
53 328 0
328 329 18
329 330 76
330 331 79
323 66 74
327 66 35
331 66 98
66 79 25
332 333 98
333 334 90
54 335 64
335 336 42
54 337 0
337 338 73
338 339 77
334 67 92
336 67 75
339 67 60
340 0 26
340 1 0
340 2 0
340 3 0
340 4 0
340 5 0
340 6 0
340 7 0
340 8 0
340 9 0
340 10 0
340 11 0
340 12 0
