366 431
0 86 85
86 87 41
87 88 92
0 89 0
89 90 10
90 91 58
91 92 12
0 93 0
93 94 33
88 13 58
92 13 56
94 13 86
1 95 33
95 96 49
96 97 15
97 98 93
1 99 0
99 100 70
100 101 78
1 102 0
102 103 95
1 104 0
104 105 14
106 107 74
98 14 60
101 14 38
103 14 89
107 14 47
2 108 17
108 109 29
109 110 61
110 111 73
2 112 0
112 113 27
113 114 68
2 115 0
115 116 33
116 117 18
2 118 0
118 119 16
119 120 78
120 121 84
111 15 100
114 15 61
117 15 12
121 15 37
3 122 25
122 123 50
3 124 0
124 125 61
3 126 0
126 127 35
127 128 37
3 129 0
129 130 21
130 131 35
131 132 50
123 16 45
125 16 32
128 16 34
132 16 60
133 134 69
134 135 58
4 136 56
136 137 45
4 138 0
138 139 87
139 140 74
4 141 0
141 142 57
135 17 85
137 17 95
140 17 15
142 17 95
5 143 12
143 144 26
5 145 0
145 146 68
146 147 27
147 148 41
149 150 57
144 18 37
148 18 81
150 18 87
6 151 52
151 152 27
6 153 0
153 154 96
154 155 84
6 156 0
156 157 45
157 158 82
6 159 0
159 160 36
6 161 0
161 162 64
152 19 61
155 19 18
158 19 40
160 19 69
162 19 59
7 163 32
163 164 54
164 165 43
7 166 0
166 167 80
167 168 71
7 169 0
169 170 85
7 171 0
171 172 82
165 20 61
168 20 59
170 20 85
172 20 43
8 173 34
173 174 28
8 175 0
175 176 75
8 177 0
177 178 97
174 21 17
176 21 79
178 21 67
9 179 38
179 180 100
180 181 82
9 182 0
182 183 72
183 184 68
184 185 99
9 186 0
186 187 25
187 188 33
9 189 0
189 190 86
181 22 33
185 22 48
188 22 73
190 22 75
10 191 62
191 192 23
10 193 0
193 194 26
10 195 0
195 196 83
10 197 0
197 198 24
192 23 97
194 23 11
196 23 56
198 23 10
11 199 63
199 200 73
11 201 0
201 202 48
202 203 13
11 204 0
204 205 22
200 24 64
203 24 17
205 24 62
12 206 35
206 207 79
207 208 61
12 209 0
209 210 64
210 211 66
211 212 44
12 213 0
213 214 84
12 215 0
12 217 0
217 218 45
218 219 44
208 25 19
212 25 48
214 25 59
216 25 94
219 25 82
13 26 28
0 43 0
14 27 98
1 44 0
15 28 41
2 45 0
16 29 85
3 46 0
17 30 70
4 47 0
18 31 66
5 48 0
19 32 57
6 49 0
20 33 30
7 50 0
21 34 70
8 51 0
22 35 44
23 36 16
10 53 0
24 37 72
11 54 0
25 38 40
12 55 0
43 220 70
220 221 18
43 222 0
222 223 69
223 224 32
224 225 13
43 226 0
226 227 59
227 228 35
228 229 50
43 230 0
230 231 76
43 232 0
232 233 99
233 234 47
234 235 86
221 56 36
225 56 25
229 56 48
231 56 92
235 56 86
56 69 14
44 236 59
236 237 88
44 238 0
238 239 52
239 240 45
240 241 41
44 242 0
242 243 50
243 244 22
244 245 92
44 246 0
246 247 41
44 248 0
248 249 97
249 250 10
237 57 42
241 57 84
245 57 59
247 57 22
250 57 51
57 70 45
45 251 57
251 252 39
252 253 24
45 254 0
254 255 97
255 256 87
256 257 29
45 258 0
258 259 74
259 260 21
260 261 26
253 58 38
257 58 78
261 58 50
58 71 21
46 262 61
262 263 22
46 264 0
264 265 85
46 266 0
46 268 0
268 269 23
263 59 24
267 59 23
269 59 60
59 72 41
47 270 82
270 271 64
271 272 15
47 273 0
273 274 45
47 275 0
275 276 86
47 277 0
277 278 42
47 279 0
279 280 28
272 60 41
274 60 36
276 60 27
278 60 85
280 60 69
60 73 26
48 281 72
281 282 21
282 283 87
283 284 79
48 285 0
285 286 38
286 287 67
287 288 54
48 289 0
289 290 45
290 291 62
284 61 49
288 61 93
291 61 56
61 74 56
49 292 94
292 293 29
293 294 69
49 295 0
295 296 78
296 297 19
297 298 18
49 299 0
299 300 64
49 301 0
301 302 92
294 62 99
298 62 81
300 62 96
302 62 83
62 75 23
50 303 97
303 304 96
50 305 0
305 306 100
50 307 0
307 308 34
308 309 14
304 63 10
306 63 40
309 63 88
63 76 69
51 310 58
310 311 86
311 312 71
312 313 43
51 314 0
314 315 57
315 316 77
51 317 0
317 318 33
318 319 85
313 64 72
316 64 10
319 64 67
64 77 28
52 320 63
320 321 73
321 322 68
322 323 96
52 324 0
324 325 79
52 326 0
326 327 57
52 329 0
329 330 34
330 331 76
52 332 0
332 333 33
323 65 24
325 65 31
328 65 52
331 65 83
333 65 10
65 78 27
53 334 98
334 335 37
335 336 34
53 337 0
337 338 66
338 339 63
339 340 25
53 341 0
341 342 50
53 343 0
343 344 18
336 66 28
340 66 24
342 66 11
344 66 36
66 79 36
54 345 32
345 346 76
54 347 0
347 348 89
348 349 78
349 350 21
54 351 0
351 352 85
352 353 32
353 354 76
346 67 56
350 67 81
354 67 65
55 355 47
356 357 83
55 358 0
358 359 59
359 360 10
360 361 63
55 362 0
362 363 55
363 364 14
357 68 69
361 68 25
364 68 93
68 81 26
365 0 72
365 1 0
365 2 0
365 3 0
365 4 0
365 5 0
365 6 0
365 7 0
365 8 0
365 9 0
365 10 0
365 11 0
365 12 0
