398 463
0 86 45
86 87 66
0 88 0
88 89 77
0 90 0
90 91 29
91 92 59
87 13 99
89 13 65
92 13 39
1 93 88
93 94 53
94 95 16
95 96 19
1 97 0
97 98 60
98 99 36
1 100 0
100 101 61
101 102 100
103 104 98
104 105 23
105 106 10
96 14 30
99 14 81
102 14 84
106 14 94
2 107 94
107 108 46
2 109 0
109 110 63
110 111 50
111 112 64
2 113 0
113 114 73
114 115 65
115 116 16
2 117 0
117 118 33
118 119 65
2 120 0
120 121 85
121 122 21
108 15 25
112 15 32
116 15 78
119 15 53
122 15 13
3 123 90
123 124 98
125 126 62
126 127 25
127 128 55
3 129 0
129 130 69
130 131 78
3 132 0
132 133 89
133 134 73
134 135 21
128 16 39
131 16 72
135 16 18
4 136 92
136 137 93
137 138 45
4 139 0
139 140 29
140 141 40
141 142 21
4 143 0
143 144 74
144 145 61
145 146 93
138 17 52
142 17 52
146 17 82
5 147 100
147 148 60
148 149 85
149 150 87
5 151 0
151 152 44
152 153 45
153 154 54
5 155 0
155 156 97
156 157 53
150 18 66
154 18 96
157 18 80
6 158 59
158 159 56
159 160 42
6 161 0
161 162 65
162 163 90
163 164 92
6 165 0
165 166 50
166 167 40
167 168 64
160 19 40
164 19 100
168 19 25
7 169 92
169 170 34
170 171 94
171 172 94
7 173 0
173 174 23
174 175 43
175 176 23
7 177 0
177 178 53
178 179 62
172 20 82
176 20 34
179 20 28
8 180 29
180 181 99
8 182 0
182 183 66
183 184 63
8 185 0
185 186 30
186 187 70
187 188 51
8 189 0
189 190 89
181 21 57
184 21 91
188 21 26
190 21 97
9 191 100
191 192 58
192 193 45
9 194 0
195 196 78
9 197 0
197 198 82
193 22 58
196 22 77
198 22 25
10 199 41
199 200 42
200 201 19
201 202 51
10 203 0
203 204 19
204 205 99
205 206 13
10 207 0
207 208 80
208 209 90
209 210 79
10 211 0
211 212 72
212 213 27
213 214 63
202 23 98
206 23 95
210 23 17
214 23 17
11 215 26
215 216 79
216 217 97
217 218 36
11 219 0
219 220 79
220 221 81
11 222 0
222 223 55
223 224 89
224 225 76
11 226 0
226 227 37
11 228 0
228 229 72
229 230 92
230 231 40
218 24 17
221 24 97
225 24 36
227 24 48
231 24 49
12 232 48
232 233 96
12 234 0
234 235 71
235 236 65
236 237 72
12 238 0
238 239 86
12 240 0
240 241 41
241 242 44
242 243 27
233 25 28
237 25 21
239 25 66
243 25 60
13 26 50
0 43 0
14 27 84
1 44 0
15 28 15
2 45 0
16 29 74
3 46 0
17 30 45
4 47 0
18 31 82
5 48 0
19 32 27
6 49 0
20 33 88
7 50 0
21 34 93
8 51 0
22 35 39
9 52 0
23 36 40
10 53 0
24 37 21
11 54 0
25 38 63
12 55 0
43 244 82
244 245 90
245 246 45
43 247 0
247 248 28
248 249 19
249 250 24
43 251 0
251 252 67
252 253 24
253 254 92
246 56 76
250 56 36
254 56 51
56 69 68
44 255 60
255 256 95
256 257 52
257 258 92
44 259 0
259 260 71
44 261 0
261 262 14
262 263 79
263 264 12
258 57 33
260 57 50
264 57 29
57 70 11
45 265 48
265 266 88
45 267 0
267 268 38
45 269 0
269 270 19
270 271 54
45 272 0
273 274 50
266 58 43
268 58 33
271 58 25
274 58 73
58 71 39
46 275 38
275 276 91
276 277 46
277 278 76
46 279 0
279 280 19
280 281 26
46 282 0
282 283 34
283 284 58
284 285 80
46 286 0
286 287 38
287 288 82
278 59 39
281 59 82
285 59 20
288 59 63
59 72 49
47 289 99
289 290 52
290 291 27
291 292 89
47 293 0
293 294 49
294 295 70
295 296 86
47 297 0
297 298 27
298 299 47
299 300 61
47 301 0
301 302 47
302 303 23
47 304 0
304 305 23
305 306 17
292 60 66
296 60 75
300 60 58
303 60 43
306 60 37
60 73 28
48 307 34
307 308 27
308 309 85
309 310 94
48 311 0
311 312 88
48 313 0
313 314 90
314 315 88
310 61 86
312 61 23
315 61 35
61 74 47
49 316 59
316 317 20
317 318 39
49 319 0
319 320 61
320 321 88
49 322 0
322 323 53
318 62 61
321 62 83
323 62 47
62 75 36
50 324 82
324 325 57
325 326 33
50 327 0
327 328 21
50 329 0
329 330 11
50 331 0
331 332 89
50 333 0
333 334 50
334 335 59
335 336 80
326 63 63
328 63 81
330 63 19
332 63 45
336 63 48
63 76 69
51 337 30
337 338 27
339 340 52
51 341 0
341 342 40
51 343 0
343 344 44
344 345 61
51 346 0
347 348 99
340 64 68
342 64 100
345 64 57
348 64 76
64 77 33
52 349 16
349 350 58
52 351 0
351 352 72
352 353 37
52 354 0
354 355 41
355 356 100
52 357 0
357 358 42
52 359 0
359 360 50
360 361 76
361 362 73
350 65 42
353 65 75
356 65 62
358 65 20
362 65 24
65 78 49
53 363 15
363 364 17
364 365 71
365 366 31
53 367 0
367 368 53
368 369 15
53 370 0
370 371 71
371 372 28
53 373 0
373 374 24
53 375 0
375 376 99
366 66 47
369 66 70
372 66 26
376 66 47
66 79 93
54 377 82
377 378 14
54 379 0
379 380 79
54 381 0
381 382 70
382 383 43
54 384 0
384 385 39
385 386 53
378 67 88
380 67 64
383 67 23
386 67 44
67 80 86
55 387 36
387 388 25
388 389 22
55 390 0
390 391 84
391 392 30
55 393 0
393 394 13
55 395 0
395 396 46
389 68 71
392 68 92
394 68 74
396 68 35
68 81 84
397 0 14
397 1 0
397 2 0
397 4 0
397 5 0
397 6 0
397 7 0
397 8 0
397 9 0
397 10 0
397 11 0
