317 370
0 86 75
86 87 17
0 88 0
88 89 61
87 16 38
89 16 64
1 90 77
90 91 66
1 92 0
92 93 95
93 94 81
94 95 65
91 17 51
95 17 30
2 96 24
96 97 83
97 98 46
2 99 0
99 100 100
100 101 30
101 102 47
98 18 87
102 18 34
3 103 96
103 104 34
104 105 10
105 106 36
3 107 0
107 108 46
106 19 21
108 19 82
4 109 52
109 110 70
110 111 87
111 112 23
4 113 0
113 114 71
4 115 0
115 116 65
116 117 47
114 20 84
117 20 65
5 118 59
118 119 49
5 120 0
120 121 54
121 122 84
122 123 34
5 124 0
124 125 47
119 21 91
123 21 67
125 21 13
6 126 51
126 127 39
127 128 39
6 129 0
129 130 74
130 131 88
131 132 97
128 22 50
132 22 94
7 133 92
133 134 97
7 135 0
135 136 68
134 23 50
136 23 46
8 137 31
137 138 91
138 139 97
139 140 85
8 141 0
141 142 72
142 143 16
8 144 0
144 145 32
145 146 56
146 147 89
140 24 34
143 24 58
147 24 26
9 148 18
148 149 76
149 150 60
150 151 53
9 152 0
152 153 26
153 154 39
9 155 0
155 156 66
156 157 12
151 25 25
154 25 94
157 25 100
10 158 17
158 159 61
159 160 37
160 161 79
10 162 0
162 163 56
161 26 53
163 26 35
11 164 45
164 165 60
165 166 15
167 168 77
168 169 34
166 27 84
169 27 52
170 171 61
171 172 32
12 173 93
173 174 34
172 28 71
174 28 24
13 175 51
175 176 27
176 177 99
177 178 35
13 179 0
179 180 100
13 181 0
181 182 41
182 183 90
183 184 22
178 29 56
180 29 29
184 29 10
14 185 62
185 186 12
186 187 40
187 188 74
14 189 0
189 190 79
188 30 15
190 30 50
15 191 25
191 192 18
15 193 0
193 194 71
194 195 18
192 31 24
195 31 78
16 32 28
0 43 0
17 33 27
1 44 0
18 34 52
2 45 0
19 35 38
3 46 0
20 36 70
4 47 0
21 37 64
5 48 0
22 38 77
6 49 0
23 39 38
7 50 0
24 40 16
8 51 0
25 41 19
26 42 46
10 53 0
27 32 59
0 54 0
28 33 14
1 55 0
29 34 41
2 56 0
30 35 75
3 57 0
31 36 26
4 58 0
43 196 11
196 197 80
43 198 0
198 199 36
199 200 20
197 59 82
200 59 63
59 75 89
44 201 21
201 202 12
202 203 14
44 204 0
204 205 36
203 60 89
205 60 12
60 76 32
45 206 21
206 207 54
207 208 99
45 209 0
209 210 71
208 61 15
210 61 36
61 77 23
46 211 13
211 212 60
212 213 50
46 214 0
214 215 62
215 216 81
213 62 39
217 62 99
62 78 49
47 218 42
218 219 86
219 220 46
220 221 89
47 222 0
222 223 92
47 224 0
224 225 25
225 226 88
226 227 21
221 63 10
223 63 76
227 63 43
63 79 87
48 228 16
228 229 21
48 230 0
230 231 62
231 232 75
232 233 53
229 64 47
233 64 72
64 80 87
49 234 33
234 235 75
235 236 73
236 237 77
49 238 0
238 239 45
239 240 97
240 241 63
237 65 82
241 65 49
65 81 64
50 242 18
242 243 48
243 244 81
50 245 0
245 246 61
246 247 53
247 248 44
244 66 53
248 66 56
66 82 20
51 249 38
249 250 32
250 251 55
251 252 25
51 253 0
253 254 30
254 255 82
255 256 15
51 257 0
257 258 57
252 67 47
258 67 61
67 83 82
52 259 96
259 260 53
52 261 0
261 262 54
262 263 20
263 264 69
52 265 0
265 266 29
266 267 92
267 268 88
260 68 17
264 68 22
68 84 27
53 269 84
269 270 59
270 271 74
53 272 0
272 273 77
273 274 41
274 275 23
271 69 36
275 69 59
69 85 46
54 276 46
276 277 16
277 278 88
54 279 0
279 280 90
278 70 50
280 70 22
70 75 68
55 281 70
281 282 17
55 283 0
283 284 89
284 285 44
55 286 0
286 287 18
287 288 43
282 71 34
285 71 88
288 71 60
71 76 90
56 289 94
289 290 45
56 291 0
291 292 64
292 293 48
293 294 89
56 295 0
295 296 73
290 72 20
294 72 33
297 72 39
72 77 41
57 298 44
298 299 94
299 300 33
57 301 0
301 302 25
57 303 0
303 304 50
304 305 33
300 73 33
302 73 86
305 73 72
73 78 82
58 306 96
306 307 86
307 308 93
58 310 0
310 311 78
311 312 15
58 313 0
313 314 77
314 315 33
309 74 85
312 74 83
315 74 19
74 79 77
316 0 99
316 2 0
316 3 0
316 4 0
316 5 0
316 6 0
316 7 0
316 8 0
316 9 0
316 10 0
316 11 0
316 12 0
316 13 0
316 14 0
316 15 0
