399 495
0 88 76
88 89 18
89 90 57
0 91 0
91 92 22
0 93 0
93 94 88
0 95 0
95 96 22
0 97 0
97 98 76
90 14 73
92 14 42
94 14 14
96 14 85
98 14 94
1 99 88
99 100 40
100 101 20
102 103 79
103 104 53
1 105 0
105 106 53
1 107 0
107 108 51
108 109 11
1 110 0
110 111 81
111 112 86
101 15 19
104 15 15
106 15 79
109 15 32
112 15 60
2 113 64
113 114 76
114 115 20
116 117 25
117 118 55
2 119 0
119 120 96
2 121 0
121 122 92
122 123 11
2 124 0
124 125 60
115 16 30
118 16 38
120 16 57
123 16 77
125 16 48
3 126 54
126 127 77
3 128 0
128 129 94
129 130 37
3 131 0
131 132 44
132 133 92
3 134 0
134 135 98
127 17 15
130 17 22
133 17 13
135 17 79
4 136 67
136 137 21
138 139 93
4 140 0
140 141 72
4 142 0
142 143 10
137 18 26
139 18 12
141 18 61
143 18 48
5 144 81
144 145 35
145 146 32
5 147 0
147 148 29
148 149 81
5 150 0
150 151 40
151 152 61
5 153 0
153 154 84
146 19 49
149 19 79
152 19 71
154 19 65
6 155 68
155 156 83
6 157 0
157 158 61
6 159 0
159 160 38
6 161 0
161 162 73
6 163 0
163 164 85
156 20 35
158 20 96
160 20 23
162 20 24
164 20 92
7 165 83
165 166 85
7 167 0
167 168 42
168 169 76
7 170 0
170 171 75
171 172 57
7 173 0
173 174 43
166 21 77
169 21 79
172 21 42
174 21 30
8 175 75
175 176 66
8 177 0
177 178 83
8 179 0
179 180 24
180 181 97
8 182 0
182 183 45
176 22 100
178 22 60
181 22 61
183 22 50
9 184 29
184 185 43
9 186 0
186 187 43
9 188 0
188 189 78
9 190 0
190 191 45
9 192 0
192 193 67
193 194 71
185 23 19
187 23 83
189 23 62
191 23 47
194 23 87
10 195 50
195 196 75
196 197 15
10 198 0
198 199 18
199 200 82
10 201 0
201 202 90
203 204 75
204 205 72
197 24 32
200 24 14
202 24 27
205 24 35
11 206 82
206 207 50
11 208 0
208 209 46
11 210 0
210 211 99
11 212 0
212 213 27
213 214 21
207 25 32
209 25 75
211 25 14
214 25 92
12 215 12
215 216 78
12 217 0
217 218 83
218 219 32
12 220 0
220 221 57
12 222 0
222 223 44
12 224 0
224 225 13
216 26 89
219 26 24
221 26 98
223 26 100
225 26 24
226 227 50
13 228 37
228 229 97
229 230 34
13 231 0
231 232 72
13 233 0
233 234 96
13 235 0
235 236 87
227 27 12
230 27 13
232 27 83
234 27 83
236 27 12
14 28 91
0 44 0
15 29 89
1 45 0
16 30 62
2 46 0
17 31 32
3 47 0
18 32 95
4 48 0
19 33 53
5 49 0
20 34 10
6 50 0
21 35 19
7 51 0
22 36 95
8 52 0
23 37 79
9 53 0
24 38 65
10 54 0
25 39 53
11 55 0
26 40 15
12 56 0
27 41 27
13 57 0
44 237 74
237 238 76
44 239 0
239 240 16
44 241 0
241 242 84
44 243 0
243 244 90
244 245 86
44 246 0
246 247 95
238 58 72
240 58 62
242 58 70
245 58 77
247 58 59
58 72 23
45 248 61
248 249 14
45 250 0
250 251 69
45 252 0
252 253 51
45 254 0
254 255 29
255 256 32
45 257 0
257 258 46
258 259 85
249 59 32
251 59 92
253 59 32
256 59 68
259 59 27
59 73 37
46 260 36
260 261 63
261 262 99
46 263 0
263 264 77
46 265 0
265 266 20
46 267 0
267 268 27
46 269 0
269 270 85
262 60 52
264 60 61
266 60 10
268 60 16
270 60 87
60 74 27
47 271 30
271 272 12
47 273 0
273 274 19
274 275 28
47 276 0
276 277 54
277 278 10
47 279 0
279 280 74
280 281 18
47 282 0
282 283 82
272 61 73
275 61 55
278 61 49
281 61 61
61 75 90
48 284 40
284 285 15
48 286 0
286 287 30
287 288 14
48 289 0
289 290 19
290 291 36
48 292 0
292 293 82
293 294 91
48 295 0
295 296 15
296 297 12
285 62 80
288 62 38
291 62 43
297 62 60
62 76 62
49 298 54
298 299 73
49 300 0
300 301 58
301 302 53
49 303 0
303 304 24
49 305 0
305 306 60
299 63 14
302 63 35
304 63 34
306 63 53
63 77 33
50 307 89
307 308 51
308 309 34
50 310 0
310 311 74
50 312 0
312 313 10
50 314 0
314 315 26
309 64 100
311 64 91
313 64 74
315 64 53
64 78 84
51 316 65
316 317 68
317 318 62
51 319 0
319 320 36
320 321 24
51 322 0
51 324 0
324 325 10
325 326 14
51 327 0
327 328 17
318 65 33
321 65 41
323 65 84
326 65 65
328 65 37
65 79 94
52 329 88
329 330 54
52 331 0
331 332 54
52 333 0
333 334 19
334 335 13
52 336 0
336 337 98
52 338 0
338 339 31
339 340 74
330 66 34
332 66 93
335 66 67
337 66 63
340 66 18
66 80 76
53 341 52
341 342 55
342 343 92
53 344 0
344 345 34
345 346 58
53 347 0
347 348 15
348 349 57
53 350 0
350 351 65
351 352 18
343 67 71
346 67 52
349 67 56
352 67 37
67 81 93
54 353 84
353 354 67
354 355 74
54 356 0
356 357 54
54 358 0
358 359 51
54 360 0
360 361 96
355 68 67
357 68 97
359 68 20
361 68 14
68 82 88
55 362 19
362 363 64
55 364 0
364 365 75
365 366 20
55 367 0
367 368 80
368 369 17
55 370 0
370 371 14
371 372 59
55 373 0
373 374 95
366 69 36
369 69 22
372 69 61
374 69 51
69 83 21
56 375 41
375 376 31
56 377 0
377 378 49
378 379 99
56 380 0
380 381 17
381 382 10
56 383 0
383 384 32
56 385 0
385 386 33
376 70 41
379 70 75
382 70 100
384 70 43
386 70 31
70 84 95
57 387 86
387 388 52
57 389 0
389 390 96
57 391 0
391 392 64
392 393 84
394 395 59
57 396 0
396 397 32
388 71 50
390 71 17
393 71 65
395 71 84
397 71 93
71 85 86
398 0 49
398 1 0
398 2 0
398 3 0
398 4 0
398 5 0
398 6 0
398 7 0
398 8 0
398 9 0
398 10 0
398 11 0
398 12 0
398 13 0
