419 529
0 78 84
78 79 50
79 80 24
0 81 0
81 82 54
82 83 55
0 84 0
84 85 24
0 86 0
86 87 49
0 88 0
88 89 12
80 13 24
83 13 33
85 13 73
87 13 31
89 13 70
1 90 32
90 91 21
1 92 0
92 93 29
1 94 0
94 95 15
95 96 23
1 97 0
97 98 75
98 99 89
1 100 0
100 101 97
1 102 0
102 103 91
91 14 15
93 14 30
96 14 87
99 14 63
101 14 41
103 14 93
2 104 22
104 105 36
2 106 0
106 107 63
107 108 59
2 109 0
109 110 69
110 111 34
2 112 0
112 113 75
113 114 20
105 15 74
108 15 42
111 15 38
114 15 13
3 115 92
115 116 62
3 117 0
117 118 40
3 119 0
119 120 51
120 121 18
3 122 0
122 123 47
123 124 48
3 125 0
125 126 69
126 127 59
128 129 25
129 130 98
116 16 80
118 16 18
121 16 98
124 16 51
127 16 67
130 16 88
4 131 31
131 132 100
132 133 63
4 134 0
134 135 87
4 136 0
136 137 42
4 138 0
138 139 33
139 140 73
4 141 0
141 142 39
133 17 57
135 17 92
137 17 84
140 17 40
142 17 49
5 143 11
143 144 73
5 145 0
145 146 13
5 147 0
147 148 28
148 149 82
5 150 0
150 151 67
151 152 22
5 153 0
153 154 43
154 155 59
5 156 0
156 157 83
144 18 16
146 18 48
149 18 46
152 18 94
155 18 80
157 18 55
6 158 22
158 159 12
6 160 0
160 161 20
161 162 21
6 163 0
163 164 50
164 165 33
6 166 0
166 167 58
6 168 0
168 169 31
169 170 86
6 171 0
171 172 84
159 19 47
162 19 33
165 19 75
167 19 55
170 19 86
172 19 46
7 173 43
173 174 95
7 175 0
175 176 71
176 177 69
7 178 0
178 179 14
7 180 0
180 181 95
181 182 32
7 183 0
183 184 20
184 185 90
7 186 0
186 187 27
187 188 53
174 20 14
177 20 44
179 20 92
182 20 31
185 20 58
188 20 86
8 189 79
189 190 81
8 191 0
191 192 73
192 193 56
8 194 0
194 195 16
8 196 0
196 197 39
8 198 0
198 199 78
199 200 58
8 201 0
201 202 21
190 21 12
193 21 91
195 21 70
197 21 30
200 21 46
202 21 53
9 203 70
203 204 16
204 205 62
9 206 0
206 207 58
207 208 41
9 209 0
209 210 30
9 211 0
211 212 73
212 213 55
9 214 0
214 215 51
215 216 81
205 22 27
208 22 67
210 22 69
213 22 35
216 22 63
10 217 80
217 218 34
10 219 0
219 220 96
10 221 0
221 222 40
10 223 0
223 224 19
10 225 0
225 226 41
226 227 62
10 228 0
228 229 68
229 230 36
218 23 47
220 23 39
222 23 51
224 23 82
227 23 17
11 231 95
231 232 80
11 233 0
11 235 0
235 236 55
11 237 0
237 238 15
11 239 0
239 240 39
11 241 0
241 242 74
242 243 26
232 24 51
234 24 26
236 24 99
238 24 71
240 24 63
243 24 32
12 244 21
244 245 38
12 246 0
246 247 74
12 248 0
248 249 28
249 250 34
12 251 0
251 252 91
245 25 58
247 25 58
250 25 75
252 25 17
13 26 49
0 39 0
14 27 58
1 40 0
15 28 75
16 29 48
3 42 0
17 30 73
4 43 0
18 31 34
5 44 0
19 32 31
6 45 0
20 33 41
7 46 0
21 34 76
8 47 0
22 35 85
9 48 0
23 36 31
10 49 0
24 37 51
11 50 0
25 38 91
12 51 0
39 253 21
253 254 40
254 255 57
39 256 0
256 257 77
257 258 47
39 259 0
259 260 17
39 261 0
261 262 35
255 52 38
258 52 14
262 52 72
52 65 82
40 263 87
263 264 75
40 265 0
265 266 66
266 267 21
40 268 0
268 269 90
40 270 0
270 271 94
40 272 0
272 273 77
264 53 72
267 53 46
269 53 41
271 53 52
273 53 28
53 66 77
41 274 44
274 275 16
275 276 21
41 277 0
277 278 89
278 279 42
41 280 0
280 281 73
281 282 64
41 283 0
283 284 38
284 285 90
41 286 0
286 287 97
276 54 21
279 54 23
282 54 90
285 54 28
287 54 30
54 67 41
42 288 36
288 289 34
42 290 0
290 291 82
42 292 0
292 293 76
293 294 72
42 295 0
295 296 27
296 297 86
42 298 0
298 299 94
42 300 0
300 301 81
301 302 62
289 55 72
291 55 54
294 55 66
297 55 76
299 55 84
302 55 65
55 68 15
43 303 19
303 304 98
304 305 81
43 306 0
306 307 33
307 308 39
43 309 0
309 310 87
310 311 59
43 312 0
312 313 91
43 314 0
314 315 99
305 56 60
308 56 98
311 56 41
313 56 24
315 56 22
56 69 12
44 316 30
316 317 98
317 318 49
44 319 0
319 320 52
320 321 69
44 322 0
322 323 53
323 324 38
44 325 0
325 326 43
44 327 0
327 328 79
318 57 17
321 57 86
324 57 51
326 57 78
328 57 64
57 70 88
329 330 14
330 331 27
45 332 18
332 333 59
333 334 18
45 335 0
335 336 83
336 337 43
45 338 0
338 339 60
339 340 75
45 341 0
341 342 25
342 343 99
45 344 0
344 345 89
345 346 87
331 58 31
334 58 65
337 58 11
340 58 89
343 58 20
346 58 39
58 71 52
46 347 76
46 349 0
349 350 15
46 351 0
351 352 54
352 353 64
46 354 0
354 355 24
46 356 0
356 357 77
357 358 33
348 59 50
350 59 69
355 59 21
358 59 68
59 72 34
47 359 28
359 360 39
47 361 0
361 362 50
47 363 0
363 364 28
47 365 0
365 366 11
47 367 0
360 60 100
362 60 22
364 60 17
366 60 25
368 60 90
60 73 43
48 369 69
369 370 79
370 371 83
48 372 0
372 373 36
373 374 100
48 375 0
375 376 56
376 377 50
48 378 0
378 379 85
379 380 20
48 381 0
381 382 14
382 383 26
371 61 34
374 61 24
377 61 17
380 61 94
383 61 13
61 74 62
49 384 51
384 385 61
49 386 0
386 387 16
49 388 0
388 389 51
49 390 0
390 391 77
385 62 71
387 62 39
389 62 89
391 62 48
62 75 23
50 392 33
392 393 28
393 394 96
50 395 0
395 396 76
396 397 87
50 398 0
398 399 97
399 400 35
50 401 0
401 402 19
50 403 0
403 404 89
50 405 0
405 406 53
394 63 41
397 63 33
400 63 73
402 63 84
404 63 96
406 63 76
63 76 28
51 407 15
407 408 64
51 409 0
409 410 10
51 411 0
411 412 17
51 413 0
413 414 52
51 415 0
415 416 68
416 417 54
408 64 45
410 64 85
412 64 26
417 64 84
64 77 88
418 0 27
418 1 0
418 2 0
418 3 0
418 4 0
418 5 0
418 6 0
418 7 0
418 8 0
418 9 0
418 10 0
418 11 0
418 12 0
