382 473
0 76 44
76 77 97
0 78 0
78 79 88
79 80 14
0 81 0
81 82 97
82 83 20
84 85 18
0 86 0
86 87 97
87 88 64
0 89 0
89 90 100
90 91 88
77 12 21
80 12 72
83 12 56
85 12 21
88 12 93
91 12 91
1 92 67
92 93 36
93 94 94
1 95 0
95 96 89
1 97 0
97 98 70
98 99 75
1 100 0
100 101 71
1 102 0
102 103 51
94 13 66
96 13 30
99 13 60
101 13 47
103 13 84
2 104 97
104 105 85
105 106 51
2 107 0
107 108 20
108 109 83
2 110 0
110 111 45
2 112 0
112 113 81
113 114 38
2 115 0
115 116 90
2 117 0
118 119 67
106 14 39
109 14 36
111 14 45
114 14 47
116 14 45
119 14 50
3 120 97
120 121 84
121 122 57
3 123 0
123 124 49
125 126 51
3 127 0
127 128 97
128 129 32
3 130 0
130 131 76
132 133 12
133 134 73
122 15 49
124 15 86
126 15 91
129 15 62
131 15 83
134 15 67
4 135 65
135 136 36
136 137 77
4 138 0
138 139 14
4 140 0
140 141 26
4 142 0
142 143 53
143 144 39
4 145 0
145 146 25
146 147 43
4 148 0
148 149 77
149 150 38
137 16 42
139 16 19
141 16 27
144 16 89
147 16 69
150 16 84
5 151 21
151 152 68
152 153 11
5 154 0
154 155 70
5 156 0
156 157 96
5 158 0
158 159 34
159 160 68
5 161 0
161 162 77
162 163 58
153 17 75
155 17 52
157 17 46
160 17 24
163 17 52
6 164 28
165 166 69
6 167 0
167 168 32
6 169 0
169 170 28
6 171 0
171 172 53
6 173 0
173 174 69
166 18 84
168 18 62
170 18 72
172 18 97
174 18 69
7 175 16
175 176 64
176 177 17
7 178 0
178 179 46
7 180 0
180 181 18
181 182 35
7 183 0
183 184 92
177 19 27
179 19 90
182 19 39
184 19 96
8 185 12
185 186 44
186 187 71
8 188 0
188 189 58
189 190 22
8 191 0
191 192 82
192 193 60
8 194 0
194 195 81
195 196 36
187 20 79
190 20 85
193 20 11
196 20 12
9 197 93
197 198 59
9 199 0
199 200 97
200 201 22
9 202 0
202 203 16
203 204 17
9 205 0
205 206 60
206 207 27
9 208 0
208 209 96
209 210 17
198 21 44
201 21 27
204 21 57
207 21 39
210 21 98
10 211 99
211 212 77
212 213 51
10 214 0
214 215 88
215 216 78
10 217 0
217 218 55
218 219 70
10 220 0
220 221 58
213 22 30
216 22 93
219 22 76
221 22 66
11 222 93
222 223 27
11 224 0
224 225 82
225 226 51
11 227 0
227 228 95
11 229 0
229 230 55
230 231 32
223 23 45
226 23 66
228 23 45
231 23 26
12 24 99
0 38 0
13 25 82
1 39 0
14 26 66
2 40 0
15 27 10
3 41 0
16 28 64
4 42 0
17 29 29
5 43 0
18 30 61
6 44 0
19 31 65
7 45 0
20 32 76
8 46 0
21 33 12
9 47 0
22 34 57
10 48 0
23 35 39
11 49 0
38 232 30
232 233 31
233 234 22
38 235 0
235 236 44
38 237 0
237 238 22
238 239 40
38 240 0
240 241 85
241 242 18
234 50 47
236 50 26
239 50 12
50 62 21
39 243 42
243 244 64
39 245 0
245 246 31
39 247 0
247 248 37
248 249 13
39 250 0
250 251 27
251 252 80
244 51 39
246 51 87
249 51 77
252 51 77
51 63 78
40 253 12
253 254 36
40 255 0
255 256 17
40 257 0
257 258 99
40 259 0
259 260 77
260 261 86
40 262 0
262 263 55
263 264 86
40 265 0
265 266 82
256 52 33
258 52 33
261 52 26
264 52 14
266 52 67
52 64 29
41 267 17
267 268 36
268 269 73
41 270 0
270 271 37
271 272 91
41 273 0
273 274 73
274 275 78
41 276 0
276 277 87
41 278 0
278 279 30
279 280 11
41 281 0
281 282 67
282 283 95
269 53 42
272 53 19
275 53 22
277 53 29
280 53 72
283 53 100
53 65 21
42 284 68
284 285 37
42 286 0
286 287 82
42 288 0
288 289 49
289 290 51
42 291 0
291 292 45
42 293 0
293 294 26
294 295 17
42 296 0
296 297 95
285 54 97
287 54 26
290 54 10
292 54 48
297 54 69
54 66 41
43 298 94
298 299 20
43 300 0
300 301 33
301 302 71
43 303 0
303 304 62
43 305 0
305 306 80
299 55 43
302 55 97
304 55 26
306 55 15
55 67 99
44 307 81
307 308 32
308 309 82
44 310 0
310 311 43
44 312 0
312 313 48
44 314 0
314 315 25
44 316 0
316 317 34
317 318 48
44 319 0
319 320 62
320 321 95
309 56 87
311 56 15
313 56 85
315 56 87
318 56 92
321 56 42
56 68 71
45 322 46
322 323 83
45 324 0
324 325 13
45 326 0
326 327 80
45 328 0
328 329 78
45 330 0
330 331 63
331 332 77
45 333 0
333 334 30
323 57 36
325 57 77
327 57 21
329 57 94
332 57 60
334 57 95
57 69 65
46 335 74
335 336 66
46 337 0
337 338 77
338 339 26
46 340 0
340 341 49
341 342 98
343 344 11
336 58 49
339 58 24
342 58 31
58 70 32
47 345 10
345 346 58
346 347 97
47 348 0
348 349 86
349 350 90
47 351 0
351 352 49
47 353 0
353 354 85
354 355 87
47 356 0
356 357 66
357 358 41
47 359 0
359 360 91
347 59 24
350 59 100
352 59 93
355 59 55
358 59 15
360 59 50
59 71 100
48 361 77
361 362 82
48 363 0
363 364 72
364 365 73
48 366 0
366 367 70
367 368 58
48 369 0
369 370 26
370 371 82
362 60 100
365 60 22
368 60 30
371 60 44
60 72 78
49 372 32
372 373 59
49 374 0
374 375 93
375 376 85
49 377 0
377 378 48
49 379 0
379 380 18
373 61 28
376 61 73
378 61 10
380 61 43
61 73 43
381 0 76
381 1 0
381 2 0
381 3 0
381 4 0
381 5 0
381 6 0
381 7 0
381 8 0
381 9 0
381 10 0
381 11 0
