123 245
0 1 91
0 2 0
0 3 0
0 4 0
0 5 0
0 6 0
0 7 0
0 8 0
0 9 0
0 10 0
0 10 0
0 11 0
0 12 0
0 13 0
0 108 0
1 9 81
2 5 46
2 8 0
2 21 0
3 4 38
3 11 0
3 71 0
4 10 52
4 11 0
5 8 71
7 12 15
7 36 0
8 12 11
9 10 100
9 11 0
10 31 45
10 54 0
11 118 64
14 15 34
15 16 60
15 17 0
15 18 0
15 19 0
15 19 0
15 20 0
15 21 0
15 22 0
15 23 0
15 24 0
15 25 0
15 26 0
15 26 0
15 27 0
15 28 0
16 19 97
17 23 38
17 82 0
18 19 22
18 22 0
18 23 0
18 26 0
19 27 83
19 45 0
20 24 90
21 24 66
22 27 13
22 28 0
23 26 90
23 27 0
23 28 0
25 26 90
25 28 0
29 30 31
29 71 0
30 31 89
30 32 0
30 33 0
30 34 0
30 35 0
30 36 0
30 37 0
30 38 0
30 39 0
30 39 0
30 40 0
30 41 0
30 42 0
30 43 0
31 39 36
33 42 13
35 36 64
36 39 14
36 40 0
36 42 0
37 40 38
37 41 0
38 43 29
38 114 0
44 45 87
44 93 0
45 46 18
45 47 0
45 48 0
45 49 0
45 50 0
45 51 0
45 51 0
45 52 0
45 53 0
45 54 0
45 55 0
45 56 0
45 57 0
45 58 0
46 55 78
46 61 0
47 52 87
47 53 0
47 122 0
48 52 85
48 58 0
48 63 0
49 83 98
50 56 14
51 57 92
51 58 0
52 53 63
53 78 40
54 57 25
54 58 0
59 60 74
60 61 18
60 62 0
60 63 0
60 64 0
60 65 0
60 66 0
60 67 0
60 68 0
60 69 0
60 70 0
60 71 0
60 71 0
60 72 0
60 72 0
60 73 0
60 116 0
61 69 54
62 66 99
62 70 0
62 71 0
63 70 87
63 72 0
63 73 0
63 104 0
64 72 41
66 68 49
66 73 0
67 70 87
67 73 0
68 69 17
74 75 42
75 76 100
75 77 0
75 78 0
75 79 0
75 79 0
75 80 0
75 80 0
75 81 0
75 82 0
75 83 0
75 84 0
75 84 0
75 85 0
75 86 0
75 87 0
75 88 0
75 88 0
75 98 0
76 77 19
76 82 0
76 86 0
78 84 32
78 85 0
78 86 0
78 88 0
79 87 64
81 86 100
81 87 0
82 87 88
83 87 15
84 85 62
86 96 40
89 90 49
90 91 26
90 92 0
90 93 0
90 94 0
90 95 0
90 96 0
90 97 0
90 98 0
90 98 0
90 99 0
90 100 0
90 101 0
90 102 0
90 103 0
91 92 74
91 93 0
91 98 0
92 101 17
93 95 65
94 103 32
96 100 61
96 103 0
102 103 25
104 105 36
105 106 49
105 106 0
105 107 0
105 108 0
105 109 0
105 109 0
105 110 0
105 111 0
105 112 0
105 113 0
105 114 0
105 115 0
105 116 0
105 117 0
105 118 0
106 111 67
107 111 47
107 112 0
107 113 0
108 109 27
108 110 0
109 111 73
109 112 0
110 114 50
110 119 0
111 118 52
112 116 90
112 118 0
114 116 35
114 117 0
119 120 29
