291 449
0 1 39
0 2 0
0 3 0
0 4 0
0 5 0
0 6 0
0 139 0
0 206 0
1 139 48
3 264 57
4 82 86
6 188 32
7 8 21
7 205 0
7 252 0
7 254 0
8 9 41
8 10 0
8 10 0
8 11 0
8 12 0
8 13 0
8 14 0
9 109 69
10 12 83
11 203 85
12 152 46
12 157 0
13 15 72
14 85 72
14 91 0
14 249 0
14 258 0
15 16 58
15 224 0
15 266 0
16 17 64
16 18 0
16 18 0
16 19 0
16 20 0
16 21 0
16 22 0
16 290 0
17 20 45
17 87 0
18 168 74
18 199 0
20 22 40
21 22 19
23 24 90
23 97 0
23 200 0
24 25 35
24 26 0
24 27 0
24 28 0
24 29 0
24 30 0
24 202 0
25 158 19
26 29 80
27 30 46
27 254 0
28 140 85
28 277 0
29 170 55
30 185 81
30 213 0
31 32 28
32 33 17
32 34 0
32 35 0
32 36 0
32 37 0
32 38 0
32 149 0
33 37 97
33 209 0
34 35 56
37 198 80
37 274 0
39 40 24
40 41 72
40 42 0
40 43 0
40 44 0
40 45 0
40 45 0
40 46 0
40 236 0
41 42 48
47 48 20
47 212 0
48 49 78
48 50 0
48 51 0
48 52 0
48 53 0
48 54 0
48 185 0
49 51 49
49 90 0
49 263 0
50 52 49
50 53 0
52 54 50
53 191 100
55 56 20
55 133 0
56 57 76
56 58 0
56 58 0
56 59 0
56 60 0
56 61 0
56 62 0
56 62 0
57 59 76
58 62 35
61 126 12
62 122 43
63 64 23
63 202 0
64 65 91
64 66 0
64 67 0
64 67 0
64 68 0
64 69 0
64 70 0
64 137 0
65 95 62
65 207 0
66 187 47
67 69 18
68 260 77
68 289 0
69 100 76
69 228 0
70 93 31
71 72 68
71 74 0
72 73 78
72 74 0
72 75 0
72 75 0
72 76 0
72 77 0
72 78 0
73 75 71
73 77 0
73 147 0
74 176 58
75 136 94
75 182 0
76 77 48
77 78 98
77 177 0
79 80 29
80 81 96
80 82 0
80 83 0
80 84 0
80 85 0
80 86 0
81 83 24
81 84 0
81 160 0
83 84 100
83 238 0
84 124 89
85 132 64
87 88 75
88 89 85
88 89 0
88 90 0
88 91 0
88 92 0
88 93 0
88 94 0
89 92 10
89 201 0
90 94 23
91 94 70
92 110 80
93 178 69
95 96 29
96 97 28
96 98 0
96 99 0
96 100 0
96 101 0
96 102 0
97 283 56
98 101 88
103 104 72
104 105 40
104 106 0
104 107 0
104 108 0
104 108 0
104 109 0
104 110 0
105 106 48
105 108 0
105 110 0
106 109 71
111 112 44
112 113 89
112 114 0
112 115 0
112 116 0
112 117 0
112 118 0
112 134 0
113 114 96
113 285 0
114 116 18
114 191 0
115 121 54
117 268 48
119 120 10
120 121 72
120 122 0
120 123 0
120 124 0
120 125 0
120 126 0
120 147 0
120 187 0
120 233 0
121 125 80
121 128 0
123 126 62
125 151 31
126 199 65
127 128 78
128 129 74
128 130 0
128 131 0
128 132 0
128 133 0
128 134 0
128 242 0
129 130 35
130 131 31
130 133 0
131 133 80
131 164 0
132 134 17
132 255 0
135 136 49
136 137 73
136 138 0
136 138 0
136 139 0
136 140 0
136 141 0
136 142 0
136 220 0
137 141 65
139 142 18
142 166 12
143 144 21
143 266 0
144 145 23
144 146 0
144 147 0
144 148 0
144 149 0
144 150 0
145 219 15
146 148 41
146 226 0
147 149 49
151 152 18
152 153 58
152 154 0
152 154 0
152 155 0
152 156 0
152 157 0
152 158 0
152 158 0
152 188 0
152 276 0
154 197 47
154 259 0
156 162 61
159 160 39
160 161 65
160 162 0
160 163 0
160 164 0
160 165 0
160 165 0
160 166 0
163 227 66
164 207 54
164 285 0
165 186 13
167 168 97
168 169 21
168 170 0
168 171 0
168 172 0
168 173 0
168 174 0
168 264 0
170 213 97
170 219 0
170 269 0
172 276 90
175 176 16
175 205 0
176 177 80
176 177 0
176 178 0
176 179 0
176 180 0
176 181 0
176 182 0
176 193 0
178 182 21
179 182 14
181 285 50
183 184 29
184 185 80
184 185 0
184 186 0
184 187 0
184 188 0
184 189 0
184 189 0
184 190 0
184 195 0
184 202 0
185 255 34
186 233 32
187 262 36
188 259 14
189 203 41
190 212 12
191 192 29
192 193 76
192 194 0
192 195 0
192 196 0
192 197 0
192 198 0
193 194 21
194 197 14
195 197 30
196 248 29
199 200 21
200 201 62
200 201 0
200 202 0
200 203 0
200 203 0
200 204 0
200 205 0
200 206 0
203 274 83
207 208 64
208 209 87
208 209 0
208 210 0
208 211 0
208 212 0
208 213 0
208 214 0
208 250 0
215 216 43
216 217 68
216 217 0
216 218 0
216 218 0
216 219 0
216 220 0
216 221 0
216 222 0
217 222 28
218 219 20
218 290 0
221 240 30
223 224 49
224 225 94
224 226 0
224 227 0
224 228 0
224 228 0
224 229 0
224 230 0
225 230 90
226 228 26
227 282 86
228 230 90
228 281 0
231 232 97
232 233 20
232 234 0
232 234 0
232 235 0
232 236 0
232 237 0
232 238 0
232 252 0
235 237 51
235 254 0
239 240 21
240 241 64
240 242 0
240 242 0
240 243 0
240 244 0
240 245 0
240 246 0
243 246 40
244 260 55
245 246 80
247 248 39
248 249 21
248 250 0
248 251 0
248 252 0
248 253 0
248 254 0
249 251 45
255 256 64
255 257 0
256 257 60
256 258 0
256 259 0
256 259 0
256 260 0
256 261 0
256 262 0
259 262 19
263 264 38
264 265 81
264 266 0
264 267 0
264 268 0
264 269 0
264 270 0
266 270 21
271 272 84
