157 311
0 1 17
0 2 0
0 3 0
0 4 0
0 5 0
0 6 0
0 7 0
0 8 0
0 9 0
0 10 0
0 11 0
0 12 0
0 13 0
0 14 0
0 14 0
0 15 0
0 16 0
0 17 0
0 138 0
1 5 31
2 4 30
3 9 76
3 17 0
4 6 17
4 13 0
6 122 79
7 12 55
7 121 0
9 11 91
9 13 0
9 24 0
10 13 87
10 84 0
10 104 0
11 13 78
11 15 0
11 55 0
13 17 36
14 16 61
14 147 0
17 105 34
17 142 0
18 19 37
18 46 0
19 20 24
19 21 0
19 22 0
19 23 0
19 23 0
19 24 0
19 25 0
19 26 0
19 27 0
19 28 0
19 29 0
19 30 0
19 30 0
19 31 0
19 32 0
19 33 0
19 34 0
19 35 0
19 36 0
20 22 39
20 29 0
20 33 0
20 35 0
20 62 0
21 26 61
21 27 0
21 30 0
21 34 0
22 26 39
22 30 0
23 29 51
23 35 0
24 98 69
24 100 0
25 28 52
25 29 0
26 32 61
26 35 0
26 36 0
26 129 0
28 31 56
29 32 25
31 33 55
31 34 0
31 36 0
37 38 15
38 39 24
38 40 0
38 41 0
38 42 0
38 43 0
38 44 0
38 45 0
38 46 0
38 47 0
38 48 0
38 49 0
38 50 0
38 51 0
38 52 0
38 53 0
38 54 0
38 55 0
39 46 87
39 47 0
40 50 60
41 46 31
41 50 0
41 55 0
42 43 44
42 51 0
43 47 14
43 55 0
44 53 29
45 52 53
45 79 0
46 52 86
46 59 0
48 49 36
48 50 0
49 51 79
49 103 0
49 135 0
56 57 80
57 58 10
57 59 0
57 60 0
57 61 0
57 62 0
57 63 0
57 64 0
57 65 0
57 66 0
57 67 0
57 68 0
57 69 0
57 70 0
57 71 0
57 72 0
57 73 0
57 74 0
58 64 55
58 66 0
58 67 0
58 71 0
59 69 38
60 71 31
61 62 40
61 66 0
61 74 0
62 65 89
62 66 0
62 68 0
62 89 0
63 64 47
63 65 0
64 67 68
64 71 0
65 66 85
67 70 57
67 71 0
68 72 57
68 73 0
69 70 20
71 93 69
75 76 24
75 89 0
76 77 20
76 78 0
76 79 0
76 80 0
76 81 0
76 82 0
76 83 0
76 84 0
76 85 0
76 86 0
76 87 0
76 88 0
76 88 0
76 89 0
76 90 0
76 91 0
76 92 0
76 93 0
77 90 26
77 92 0
78 86 12
78 93 0
78 111 0
80 139 94
81 82 33
82 85 26
82 86 0
82 110 0
83 89 84
83 90 0
94 95 51
95 96 13
95 97 0
95 98 0
95 99 0
95 100 0
95 101 0
95 102 0
95 103 0
95 104 0
95 105 0
95 106 0
95 107 0
95 108 0
95 109 0
95 110 0
95 111 0
95 111 0
95 112 0
95 121 0
96 97 63
96 98 0
96 111 0
99 100 61
99 111 0
100 106 100
101 106 44
101 108 0
102 105 31
102 111 0
103 104 43
103 112 0
104 108 48
105 110 98
107 111 49
108 110 90
109 112 23
111 119 25
113 114 30
114 115 51
114 116 0
114 117 0
114 118 0
114 119 0
114 120 0
114 121 0
114 122 0
114 123 0
114 124 0
114 125 0
114 125 0
114 126 0
114 127 0
114 128 0
114 129 0
114 130 0
114 131 0
115 122 33
115 128 0
116 119 57
116 122 0
116 123 0
116 129 0
117 123 74
117 131 0
118 122 42
119 120 83
119 124 0
119 125 0
120 124 82
121 129 45
122 128 20
122 130 0
123 125 37
123 128 0
125 127 41
127 129 57
128 130 22
129 131 41
130 131 36
132 133 91
133 134 62
133 134 0
133 135 0
133 136 0
133 137 0
133 138 0
133 139 0
133 140 0
133 141 0
133 142 0
133 143 0
133 144 0
133 144 0
133 145 0
133 146 0
133 147 0
133 148 0
133 149 0
133 150 0
134 148 79
135 138 29
135 139 0
136 140 55
137 140 63
137 141 0
138 148 80
144 146 48
145 149 41
151 152 37
