159 354
0 1 34
0 2 0
0 3 0
0 3 0
0 4 0
0 5 0
0 5 0
0 6 0
0 6 0
0 7 0
0 8 0
0 9 0
0 10 0
0 11 0
0 12 0
0 13 0
0 13 0
0 14 0
0 15 0
0 16 0
0 17 0
1 10 14
1 12 0
1 16 0
1 120 0
2 10 34
2 12 0
3 10 42
3 11 0
3 16 0
3 89 0
4 9 25
4 14 0
4 17 0
5 6 24
5 8 0
5 9 0
5 12 0
5 15 0
5 45 0
6 7 94
6 8 0
6 11 0
8 14 18
8 17 0
9 14 43
10 12 17
10 13 0
10 14 0
10 116 0
12 15 48
13 17 60
13 116 0
14 17 25
16 127 20
18 19 18
19 20 90
19 21 0
19 22 0
19 23 0
19 24 0
19 25 0
19 26 0
19 27 0
19 27 0
19 28 0
19 29 0
19 30 0
19 31 0
19 32 0
19 33 0
19 34 0
19 34 0
19 35 0
19 36 0
20 21 93
20 24 0
20 33 0
20 69 0
22 27 68
22 33 0
23 26 30
24 25 73
24 26 0
24 29 0
24 31 0
24 36 0
25 36 35
25 65 0
26 31 32
26 50 0
27 35 17
28 29 95
28 34 0
29 34 74
30 31 11
30 36 0
31 33 48
32 36 84
34 140 65
37 38 68
38 39 62
38 40 0
38 41 0
38 41 0
38 42 0
38 43 0
38 44 0
38 45 0
38 46 0
38 47 0
38 48 0
38 49 0
38 50 0
38 51 0
38 51 0
38 52 0
38 53 0
38 54 0
38 55 0
38 55 0
38 156 0
39 43 58
39 49 0
39 51 0
40 54 61
40 55 0
41 48 67
41 50 0
41 53 0
42 45 81
42 52 0
43 51 65
43 55 0
43 104 0
44 52 61
44 55 0
45 51 85
45 52 0
46 48 10
46 54 0
46 55 0
46 57 0
48 54 12
49 51 42
50 55 23
51 94 88
55 69 98
55 124 0
56 57 14
57 58 36
57 59 0
57 60 0
57 61 0
57 62 0
57 63 0
57 64 0
57 65 0
57 66 0
57 66 0
57 67 0
57 68 0
57 69 0
57 70 0
57 71 0
57 72 0
57 73 0
57 74 0
59 61 54
60 72 94
60 74 0
61 63 100
61 65 0
63 67 45
64 65 57
64 69 0
64 71 0
64 74 0
65 66 42
65 71 0
65 73 0
65 74 0
67 72 45
67 101 0
67 138 0
68 83 62
69 72 20
70 71 26
70 72 0
71 74 78
72 74 53
73 93 72
75 76 34
76 77 10
76 78 0
76 79 0
76 80 0
76 81 0
76 82 0
76 83 0
76 83 0
76 84 0
76 84 0
76 85 0
76 86 0
76 87 0
76 88 0
76 88 0
76 89 0
76 90 0
76 91 0
76 92 0
76 93 0
77 83 17
77 84 0
77 87 0
77 91 0
78 91 96
80 88 47
80 93 0
80 106 0
81 86 12
81 99 0
82 83 38
83 87 67
83 93 0
84 87 21
84 89 0
86 88 52
86 91 0
88 91 19
91 92 75
92 93 79
93 158 83
94 95 64
95 96 62
95 97 0
95 98 0
95 98 0
95 99 0
95 99 0
95 100 0
95 101 0
95 102 0
95 103 0
95 104 0
95 105 0
95 106 0
95 107 0
95 107 0
95 108 0
95 109 0
95 109 0
95 110 0
95 111 0
95 112 0
95 112 0
96 110 51
96 111 0
97 99 76
97 106 0
97 111 0
97 112 0
99 100 84
99 101 0
99 107 0
99 109 0
100 105 25
100 106 0
100 109 0
100 110 0
100 112 0
102 105 21
108 110 62
113 114 24
113 134 0
114 115 58
114 116 0
114 117 0
114 117 0
114 118 0
114 118 0
114 119 0
114 120 0
114 121 0
114 122 0
114 123 0
114 124 0
114 125 0
114 126 0
114 127 0
114 128 0
114 128 0
114 129 0
114 130 0
114 131 0
115 117 74
115 124 0
115 131 0
117 120 83
117 130 0
118 123 76
118 124 0
119 125 96
119 128 0
120 123 47
120 125 0
121 124 14
121 128 0
122 123 10
122 128 0
123 129 70
126 131 43
131 147 14
132 133 60
133 134 69
133 135 0
133 136 0
133 137 0
133 137 0
133 138 0
133 139 0
133 140 0
133 141 0
133 142 0
133 143 0
133 144 0
133 145 0
133 146 0
133 147 0
133 148 0
133 148 0
133 149 0
133 149 0
133 150 0
134 139 92
135 147 40
136 146 92
137 139 79
138 144 53
138 146 0
139 150 25
140 144 68
140 145 0
141 143 82
141 145 0
141 146 0
142 146 18
144 145 88
145 146 34
145 148 0
145 149 0
146 148 54
151 152 49
