173 317
0 1 100
0 2 0
0 3 0
0 4 0
0 5 0
0 5 0
0 6 0
0 7 0
0 8 0
0 9 0
0 10 0
0 11 0
0 12 0
0 13 0
0 13 0
0 122 0
2 5 76
2 6 0
3 6 96
5 7 69
5 8 0
5 17 0
6 87 78
6 154 0
9 13 25
10 150 50
12 37 88
13 120 69
14 15 43
15 16 99
15 17 0
15 18 0
15 19 0
15 20 0
15 21 0
15 22 0
15 23 0
15 24 0
15 25 0
15 26 0
15 27 0
15 28 0
15 153 0
16 20 33
16 100 0
17 25 47
17 36 0
17 106 0
17 111 0
17 162 0
17 164 0
19 20 29
19 28 0
20 23 79
21 151 52
22 23 49
22 28 0
24 29 21
24 97 0
25 36 99
26 81 55
26 102 0
26 108 0
26 113 0
27 28 36
29 30 67
30 31 13
30 32 0
30 33 0
30 34 0
30 35 0
30 36 0
30 37 0
30 38 0
30 39 0
30 40 0
30 41 0
30 42 0
30 43 0
31 156 81
32 40 26
34 39 28
35 38 87
35 99 0
36 42 90
36 113 0
37 41 28
38 41 82
38 60 0
43 170 52
44 45 67
44 147 0
45 46 38
45 47 0
45 48 0
45 49 0
45 50 0
45 51 0
45 52 0
45 53 0
45 54 0
45 55 0
45 56 0
45 57 0
45 58 0
47 51 60
47 57 0
47 125 0
48 51 32
48 59 0
49 53 43
50 160 74
51 62 14
54 101 83
55 87 55
55 110 0
56 84 19
56 102 0
57 147 65
59 60 51
60 61 80
60 62 0
60 63 0
60 64 0
60 65 0
60 66 0
60 67 0
60 68 0
60 69 0
60 70 0
60 71 0
60 71 0
60 72 0
60 73 0
61 65 60
61 66 0
62 71 54
65 136 28
65 165 0
67 71 33
68 132 21
69 111 37
70 73 31
70 92 0
71 97 91
72 87 46
72 106 0
74 75 75
75 76 75
75 76 0
75 77 0
75 78 0
75 79 0
75 80 0
75 81 0
75 82 0
75 83 0
75 84 0
75 85 0
75 85 0
75 86 0
75 87 0
75 87 0
75 88 0
76 86 69
76 93 0
76 121 0
77 83 96
80 111 21
83 87 34
84 88 39
86 132 56
86 134 0
86 135 0
87 88 57
89 90 85
90 91 78
90 92 0
90 93 0
90 94 0
90 95 0
90 96 0
90 97 0
90 98 0
90 99 0
90 100 0
90 101 0
90 102 0
90 103 0
91 95 88
91 96 0
91 103 0
91 123 0
93 97 79
93 98 0
94 166 10
95 97 59
96 100 71
98 100 14
99 166 96
100 165 33
101 102 50
101 155 0
102 103 93
102 168 0
104 105 99
105 106 16
105 107 0
105 108 0
105 109 0
105 110 0
105 111 0
105 112 0
105 113 0
105 114 0
105 115 0
105 116 0
105 117 0
105 118 0
106 115 59
106 133 0
109 114 76
110 115 96
110 117 0
111 113 48
115 116 87
116 117 10
116 118 0
116 119 0
118 171 41
119 120 90
119 123 0
119 148 0
120 121 37
120 122 0
120 123 0
120 124 0
120 125 0
120 126 0
120 127 0
120 128 0
120 129 0
120 130 0
120 131 0
120 132 0
120 133 0
121 133 93
121 158 0
121 167 0
122 123 38
122 127 0
123 130 67
124 130 67
125 127 38
125 129 0
125 155 0
126 132 14
127 131 86
127 133 0
129 132 13
130 158 25
131 139 43
134 135 45
135 136 40
135 136 0
135 137 0
135 138 0
135 139 0
135 140 0
135 141 0
135 142 0
135 143 0
135 144 0
135 145 0
135 146 0
135 147 0
135 148 0
136 138 26
136 141 0
137 139 35
137 142 0
137 147 0
138 139 84
139 140 23
141 147 96
144 147 49
147 148 36
149 150 18
149 159 0
150 151 39
150 152 0
150 153 0
150 154 0
150 155 0
150 156 0
150 156 0
150 157 0
150 158 0
150 159 0
150 160 0
150 161 0
150 162 0
150 163 0
150 163 0
151 155 96
151 158 0
151 160 0
152 158 31
153 155 68
153 158 0
154 158 97
155 162 73
155 171 0
157 162 77
160 161 89
162 163 58
164 165 76
