155 276
0 1 22
0 2 0
0 3 0
0 4 0
0 5 0
0 6 0
0 7 0
0 8 0
0 125 0
2 7 24
4 5 63
5 8 72
6 72 25
7 104 51
8 24 52
9 10 30
9 101 0
9 145 0
10 11 42
10 11 0
10 12 0
10 13 0
10 14 0
10 15 0
10 16 0
10 17 0
10 18 0
11 14 21
11 15 0
11 17 0
12 96 72
13 14 31
13 18 0
14 40 10
15 17 33
15 18 0
17 66 45
17 117 0
18 64 95
18 126 0
19 20 96
19 84 0
19 143 0
20 21 100
20 22 0
20 23 0
20 24 0
20 25 0
20 26 0
20 27 0
20 27 0
20 28 0
22 24 10
23 24 32
23 25 0
25 99 100
29 30 43
29 146 0
30 31 79
30 32 0
30 33 0
30 34 0
30 35 0
30 36 0
30 37 0
30 38 0
31 34 62
31 36 0
31 137 0
32 36 17
33 38 78
34 37 21
34 59 0
36 37 34
36 68 0
37 52 79
39 40 70
39 121 0
40 41 26
40 42 0
40 43 0
40 44 0
40 45 0
40 46 0
40 47 0
40 48 0
40 61 0
41 45 67
41 86 0
42 54 64
42 118 0
43 47 54
43 133 0
44 142 36
44 154 0
45 48 76
45 52 0
48 149 99
49 50 72
49 72 0
49 124 0
50 51 78
50 52 0
50 52 0
50 53 0
50 54 0
50 55 0
50 56 0
50 57 0
50 58 0
51 65 11
53 95 100
55 57 87
56 57 70
57 118 35
59 60 34
59 62 0
60 61 40
60 62 0
60 63 0
60 64 0
60 65 0
60 66 0
60 67 0
60 67 0
60 68 0
60 78 0
61 62 68
61 65 0
61 66 0
62 64 93
62 68 0
63 90 48
63 112 0
64 66 83
64 67 0
69 70 99
70 71 48
70 72 0
70 73 0
70 74 0
70 75 0
70 76 0
70 77 0
70 77 0
70 78 0
71 72 17
71 78 0
72 76 95
73 77 74
74 76 74
74 77 0
74 97 0
75 77 45
77 78 88
79 80 24
80 81 95
80 81 0
80 82 0
80 83 0
80 84 0
80 85 0
80 86 0
80 87 0
80 88 0
81 87 25
83 85 66
85 86 93
89 90 30
90 91 69
90 92 0
90 93 0
90 94 0
90 95 0
90 96 0
90 97 0
90 98 0
90 98 0
91 92 93
91 96 0
91 111 0
93 97 57
94 125 75
95 153 75
96 98 37
96 128 0
98 136 51
99 100 19
99 142 0
100 101 91
100 102 0
100 103 0
100 104 0
100 105 0
100 106 0
100 106 0
100 107 0
100 108 0
101 103 23
101 136 0
102 108 92
102 140 0
104 105 66
105 108 95
106 107 19
107 133 61
107 154 0
109 110 42
110 111 59
110 112 0
110 113 0
110 114 0
110 115 0
110 116 0
110 117 0
110 118 0
113 114 56
114 116 34
114 117 0
114 118 0
114 154 0
115 117 79
116 118 85
118 121 43
119 120 37
120 121 56
120 121 0
120 122 0
120 123 0
120 124 0
120 125 0
120 126 0
120 126 0
120 127 0
120 128 0
121 125 76
121 128 0
122 141 56
124 127 35
125 126 36
129 130 30
130 131 93
130 132 0
130 133 0
130 134 0
130 135 0
130 136 0
130 137 0
130 138 0
130 138 0
131 136 73
131 137 0
132 138 59
133 136 62
135 137 83
139 140 12
140 141 68
140 142 0
140 143 0
140 144 0
140 144 0
140 145 0
140 146 0
140 147 0
140 148 0
141 143 50
141 145 0
142 143 16
142 146 0
142 148 0
144 147 40
144 149 0
145 148 57
146 147 13
148 152 42
149 150 86
