133 302
0 1 48
0 2 0
0 3 0
0 4 0
0 5 0
0 6 0
0 7 0
1 3 65
2 3 80
3 4 56
4 7 70
4 63 0
6 7 54
8 9 100
8 21 0
9 10 86
9 10 0
9 11 0
9 11 0
9 12 0
9 13 0
9 13 0
9 14 0
9 15 0
9 16 0
9 55 0
10 11 87
10 12 0
10 13 0
10 15 0
10 16 0
10 81 0
11 16 19
11 70 0
11 84 0
12 13 66
12 14 0
12 39 0
13 16 50
13 95 0
14 15 59
14 63 0
17 18 23
18 19 54
18 20 0
18 21 0
18 22 0
18 22 0
18 23 0
18 24 0
18 25 0
19 20 94
19 21 0
19 22 0
19 49 0
20 21 80
20 22 0
20 23 0
21 22 20
22 23 91
22 24 0
22 70 0
23 24 62
23 25 0
23 87 0
24 25 54
26 27 40
27 28 32
27 29 0
27 30 0
27 30 0
27 31 0
27 32 0
27 33 0
27 34 0
28 31 57
28 34 0
29 32 97
29 33 0
29 65 0
29 91 0
29 108 0
31 32 51
31 34 0
32 34 81
33 34 76
35 36 40
36 37 78
36 37 0
36 38 0
36 38 0
36 39 0
36 40 0
36 41 0
36 42 0
36 42 0
36 43 0
36 43 0
37 41 81
37 43 0
38 41 51
38 128 0
39 43 87
40 41 99
40 42 0
42 81 77
44 45 46
45 46 49
45 47 0
45 47 0
45 48 0
45 49 0
45 50 0
45 50 0
45 51 0
45 51 0
45 52 0
46 48 80
46 49 0
46 51 0
46 52 0
47 48 66
47 50 0
47 51 0
47 81 0
48 51 53
48 52 0
49 129 34
50 112 29
51 52 99
51 67 0
51 95 0
53 54 52
54 55 91
54 56 0
54 56 0
54 57 0
54 58 0
54 58 0
54 59 0
54 60 0
54 61 0
54 76 0
55 56 48
55 57 0
56 57 64
56 58 0
57 59 93
58 59 64
59 61 71
59 72 0
62 63 98
63 64 77
63 64 0
63 65 0
63 66 0
63 66 0
63 67 0
63 67 0
63 68 0
63 69 0
63 70 0
63 70 0
64 65 72
64 70 0
65 66 32
65 67 0
65 68 0
66 68 90
66 70 0
66 106 0
67 68 86
67 69 0
68 69 51
68 96 0
69 74 28
71 72 77
72 73 30
72 73 0
72 74 0
72 75 0
72 76 0
72 76 0
72 77 0
72 78 0
72 79 0
73 76 13
73 77 0
73 78 0
73 79 0
74 75 24
74 77 0
74 79 0
75 96 83
75 102 0
76 78 13
77 78 17
78 79 63
80 81 14
81 82 35
81 82 0
81 83 0
81 83 0
81 84 0
81 85 0
81 86 0
81 87 0
81 87 0
81 88 0
81 88 0
82 84 84
82 88 0
83 84 60
83 86 0
83 88 0
84 88 60
85 86 69
85 95 0
89 90 75
89 113 0
90 91 46
90 92 0
90 93 0
90 93 0
90 94 0
90 94 0
90 95 0
90 96 0
90 97 0
90 129 0
91 92 31
91 94 0
91 95 0
92 94 54
92 95 0
93 95 55
93 97 0
97 110 89
97 129 0
98 99 88
99 100 87
99 101 0
99 101 0
99 102 0
99 103 0
99 104 0
99 105 0
99 105 0
99 106 0
99 124 0
100 101 19
100 102 0
100 103 0
100 106 0
101 102 96
101 103 0
101 106 0
102 103 16
104 105 57
104 106 0
104 107 0
105 106 45
107 108 90
108 109 48
108 109 0
108 110 0
108 111 0
108 111 0
108 112 0
108 112 0
108 113 0
108 113 0
108 114 0
108 115 0
111 112 66
111 113 0
111 115 0
112 115 100
114 115 24
114 120 0
116 117 81
117 118 50
117 119 0
117 119 0
117 120 0
117 121 0
117 121 0
117 122 0
117 122 0
117 123 0
117 123 0
117 124 0
118 119 41
118 120 0
118 121 0
118 124 0
119 120 39
120 122 78
120 127 0
121 122 56
121 124 0
125 126 71
