113 280
0 1 97
0 2 0
0 3 0
0 4 0
0 5 0
0 5 0
0 6 0
1 2 22
1 5 0
1 89 0
1 110 0
2 3 78
3 4 85
3 5 0
4 5 24
4 6 0
4 48 0
4 101 0
5 106 10
6 100 30
7 8 20
8 9 24
8 10 0
8 10 0
8 11 0
8 12 0
8 12 0
8 13 0
8 14 0
10 11 22
11 58 91
12 13 58
12 14 0
12 86 0
13 14 96
13 83 0
13 102 0
13 109 0
15 16 45
15 92 0
16 17 37
16 17 0
16 18 0
16 19 0
16 19 0
16 20 0
16 20 0
16 21 0
16 22 0
16 28 0
17 18 70
17 20 0
17 109 0
18 20 27
18 83 0
19 22 59
19 40 0
20 21 20
22 62 28
22 104 0
23 24 81
24 25 92
24 25 0
24 26 0
24 26 0
24 27 0
24 27 0
24 28 0
24 28 0
24 29 0
24 30 0
24 30 0
24 37 0
24 45 0
24 69 0
24 89 0
25 28 19
25 29 0
25 78 0
25 85 0
26 27 66
26 30 0
27 29 54
28 29 14
28 30 0
28 78 0
30 59 76
31 32 60
31 83 0
32 33 95
32 34 0
32 35 0
32 36 0
32 36 0
32 37 0
32 37 0
32 38 0
32 38 0
33 36 84
33 37 0
33 50 0
33 108 0
34 36 76
34 37 0
34 38 0
34 45 0
35 71 71
36 37 65
36 38 0
37 68 43
37 97 0
39 40 26
40 41 91
40 42 0
40 43 0
40 43 0
40 44 0
40 44 0
40 45 0
40 46 0
40 46 0
41 44 89
41 45 0
41 46 0
41 86 0
41 106 0
42 44 41
42 46 0
42 81 0
43 44 92
43 46 0
45 46 48
47 48 59
48 49 87
48 49 0
48 50 0
48 50 0
48 51 0
48 52 0
48 53 0
48 54 0
48 54 0
50 54 60
50 64 0
50 84 0
51 54 98
51 81 0
52 53 79
54 89 67
55 56 52
56 57 67
56 57 0
56 58 0
56 58 0
56 59 0
56 60 0
56 61 0
56 62 0
56 62 0
57 61 26
57 62 0
58 59 56
58 61 0
58 62 0
58 111 0
59 74 97
59 86 0
63 64 65
63 67 0
63 108 0
64 65 74
64 66 0
64 67 0
64 68 0
64 68 0
64 69 0
64 69 0
64 70 0
64 84 0
64 91 0
65 66 74
65 69 0
66 67 99
67 70 53
68 70 55
71 72 87
71 110 0
72 73 27
72 74 0
72 75 0
72 75 0
72 76 0
72 76 0
72 77 0
72 77 0
72 78 0
72 78 0
72 88 0
73 75 10
74 77 95
74 92 0
75 77 77
75 78 0
75 102 0
76 77 77
77 78 78
77 89 0
78 93 100
79 80 79
80 81 18
80 82 0
80 83 0
80 83 0
80 84 0
80 85 0
80 85 0
80 86 0
80 86 0
81 82 64
81 83 0
81 84 0
81 85 0
82 84 90
82 87 0
83 84 79
83 86 0
87 88 35
87 109 0
88 89 57
88 90 0
88 90 0
88 91 0
88 92 0
88 93 0
88 93 0
88 94 0
89 90 28
89 92 0
89 93 0
90 93 55
90 94 0
91 92 96
91 93 0
95 96 68
96 97 65
96 97 0
96 98 0
96 99 0
96 99 0
96 100 0
96 101 0
96 102 0
96 102 0
97 99 50
97 106 0
98 101 86
100 101 44
100 102 0
100 112 0
101 102 44
103 104 92
104 105 71
104 105 0
104 106 0
104 106 0
104 107 0
104 108 0
104 109 0
104 109 0
104 110 0
104 110 0
105 106 16
106 107 98
106 108 0
106 110 0
107 109 50
107 110 0
108 109 86
109 110 37
111 112 68
