289 725
0 1 53
0 2 0
0 3 0
0 3 0
0 4 0
0 5 0
0 5 0
0 6 0
0 7 0
0 7 0
0 54 0
0 117 0
1 2 45
2 3 60
2 6 0
3 6 36
3 7 0
3 72 0
3 79 0
3 168 0
3 266 0
4 177 38
5 151 89
6 7 35
6 203 0
7 101 37
8 9 70
8 159 0
9 10 93
9 11 0
9 12 0
9 13 0
9 14 0
9 15 0
9 16 0
9 16 0
9 141 0
10 11 38
10 15 0
10 44 0
11 85 35
11 88 0
11 99 0
11 143 0
12 16 42
12 84 0
13 15 18
13 20 0
13 140 0
13 198 0
13 223 0
13 276 0
14 206 48
14 208 0
15 149 40
17 18 99
17 94 0
18 19 50
18 20 0
18 20 0
18 21 0
18 21 0
18 22 0
18 23 0
18 23 0
18 24 0
18 25 0
19 20 33
19 24 0
19 288 0
20 22 73
20 120 0
21 22 69
21 237 0
22 24 60
22 248 0
22 278 0
23 25 32
23 277 0
24 27 86
24 53 0
25 104 88
25 175 0
26 27 22
27 28 47
27 29 0
27 30 0
27 31 0
27 32 0
27 32 0
27 33 0
27 33 0
27 34 0
27 93 0
27 99 0
27 274 0
28 30 41
28 34 0
28 38 0
28 156 0
28 279 0
29 30 63
29 33 0
30 32 95
32 68 75
32 152 0
32 217 0
33 88 49
34 215 86
34 278 0
34 282 0
35 36 90
35 140 0
36 37 43
36 37 0
36 38 0
36 39 0
36 40 0
36 41 0
36 42 0
36 43 0
36 157 0
37 38 87
37 202 0
38 39 70
38 65 0
38 110 0
38 168 0
38 171 0
38 173 0
38 233 0
40 43 56
40 57 0
40 260 0
40 277 0
41 42 20
41 43 0
42 131 13
43 52 86
44 45 100
44 123 0
45 46 52
45 47 0
45 48 0
45 49 0
45 49 0
45 50 0
45 51 0
45 52 0
45 197 0
46 49 82
47 48 67
47 50 0
47 107 0
47 151 0
48 97 81
48 188 0
49 52 53
50 52 89
50 170 0
50 283 0
51 52 13
53 54 56
53 124 0
53 153 0
53 221 0
53 268 0
54 55 90
54 56 0
54 57 0
54 58 0
54 59 0
54 60 0
54 61 0
54 88 0
54 201 0
54 235 0
55 56 23
55 61 0
55 231 0
56 58 70
56 60 0
56 61 0
56 210 0
56 226 0
56 243 0
57 58 82
57 169 0
58 61 61
58 273 0
59 187 10
61 154 74
61 265 0
62 63 96
62 96 0
62 246 0
62 255 0
62 256 0
63 64 95
63 64 0
63 65 0
63 66 0
63 67 0
63 68 0
63 68 0
63 69 0
63 70 0
63 70 0
63 201 0
63 234 0
66 68 17
66 70 0
67 68 59
67 70 0
67 109 0
67 215 0
67 264 0
68 158 59
68 220 0
69 175 36
69 185 0
71 72 86
71 79 0
72 73 24
72 73 0
72 74 0
72 75 0
72 76 0
72 77 0
72 78 0
72 79 0
72 123 0
73 76 87
73 77 0
73 79 0
73 185 0
73 190 0
74 75 48
74 78 0
75 77 46
75 126 0
75 221 0
76 78 27
76 79 0
76 166 0
77 78 39
77 80 0
77 257 0
77 261 0
78 234 38
78 270 0
80 81 20
80 115 0
80 142 0
80 187 0
80 229 0
80 243 0
81 82 69
81 82 0
81 83 0
81 84 0
81 84 0
81 85 0
81 86 0
81 87 0
81 87 0
81 88 0
81 252 0
82 87 34
83 84 44
83 85 0
83 86 0
83 125 0
83 187 0
84 87 32
84 145 0
84 161 0
84 236 0
85 237 70
85 258 0
86 88 36
86 156 0
87 118 66
87 237 0
88 165 12
88 229 0
89 90 75
89 228 0
89 246 0
90 91 25
90 92 0
90 93 0
90 94 0
90 94 0
90 95 0
90 95 0
90 96 0
90 97 0
90 172 0
91 96 82
93 94 20
93 125 0
93 230 0
94 96 25
94 97 0
94 166 0
94 286 0
95 97 79
95 209 0
95 253 0
96 97 90
96 169 0
97 179 95
98 99 66
98 254 0
99 100 43
99 100 0
99 101 0
99 101 0
99 102 0
99 103 0
99 104 0
99 105 0
99 106 0
99 147 0
100 105 13
101 104 96
101 106 0
101 179 0
101 187 0
102 103 48
102 104 0
103 104 45
103 106 0
103 204 0
104 165 93
104 216 0
105 157 81
105 284 0
107 108 86
108 109 23
108 110 0
108 111 0
108 112 0
108 113 0
108 114 0
108 115 0
109 110 57
109 111 0
109 112 0
109 114 0
109 173 0
109 201 0
110 115 65
110 144 0
111 113 74
111 115 0
112 113 96
113 114 80
113 119 0
115 171 39
116 117 39
116 165 0
117 118 36
117 118 0
117 119 0
117 120 0
117 120 0
117 121 0
117 122 0
117 123 0
117 123 0
117 124 0
117 124 0
117 239 0
118 121 21
118 151 0
119 123 29
120 122 88
120 123 0
120 221 0
121 122 98
121 123 0
121 164 0
121 238 0
121 259 0
122 123 70
123 124 45
123 178 0
125 126 95
126 127 47
126 127 0
126 128 0
126 129 0
126 130 0
126 131 0
126 131 0
126 132 0
126 132 0
126 133 0
127 129 44
127 132 0
127 133 0
127 224 0
127 261 0
128 133 48
128 251 0
129 132 60
129 154 0
129 157 0
131 132 23
131 196 0
132 133 86
132 179 0
132 202 0
132 214 0
133 192 73
133 278 0
134 135 59
134 153 0
135 136 75
135 137 0
135 138 0
135 139 0
135 140 0
135 140 0
135 141 0
135 142 0
135 186 0
136 240 56
136 248 0
137 139 54
138 139 97
139 141 14
140 141 67
140 142 0
140 239 0
141 181 27
143 144 13
144 145 74
144 146 0
144 146 0
144 147 0
144 148 0
144 148 0
144 149 0
144 149 0
144 150 0
144 150 0
144 151 0
144 151 0
144 218 0
144 235 0
144 283 0
145 146 67
146 150 36
147 148 37
148 150 35
149 286 38
150 282 97
151 212 51
152 153 94
152 218 0
153 154 50
153 155 0
153 156 0
153 156 0
153 157 0
153 158 0
153 159 0
153 160 0
153 236 0
153 278 0
154 155 69
154 159 0
154 268 0
154 284 0
155 156 75
155 157 0
155 158 0
155 160 0
155 231 0
156 159 70
157 159 83
158 159 22
158 168 0
158 232 0
158 271 0
158 283 0
159 212 22
161 162 59
162 163 83
162 164 0
162 165 0
162 166 0
162 167 0
162 167 0
162 168 0
162 169 0
163 164 11
163 166 0
165 169 55
166 167 50
166 169 0
167 266 27
168 279 48
170 171 49
170 241 0
171 172 12
171 172 0
171 173 0
171 174 0
171 175 0
171 176 0
171 177 0
171 178 0
171 178 0
171 210 0
172 174 60
172 175 0
172 176 0
172 178 0
173 246 23
174 175 78
174 177 0
174 178 0
174 190 0
174 254 0
175 176 13
175 237 0
177 190 11
177 194 0
177 226 0
178 278 90
179 180 14
180 181 91
180 182 0
180 182 0
180 183 0
180 183 0
180 184 0
180 185 0
180 186 0
180 187 0
180 209 0
180 242 0
180 256 0
181 186 24
182 243 70
183 185 81
183 186 0
186 187 72
188 189 80
189 190 45
189 191 0
189 191 0
189 192 0
189 193 0
189 194 0
189 195 0
189 196 0
189 196 0
190 195 32
190 218 0
190 244 0
191 194 90
191 196 0
192 193 62
193 195 18
195 255 84
195 283 0
197 198 92
198 199 29
198 200 0
198 201 0
198 201 0
198 202 0
198 202 0
198 203 0
198 204 0
198 205 0
199 202 44
199 203 0
200 201 54
200 202 0
200 203 0
201 265 34
201 266 0
202 205 95
203 249 99
203 264 0
206 207 67
207 208 73
207 208 0
207 209 0
207 210 0
207 211 0
207 212 0
207 213 0
207 214 0
207 214 0
208 211 17
208 213 0
208 277 0
208 287 0
209 210 62
211 214 71
212 213 96
212 214 0
212 245 0
215 216 67
216 217 26
216 218 0
216 218 0
216 219 0
216 220 0
216 220 0
216 221 0
216 221 0
216 222 0
216 222 0
216 223 0
216 223 0
216 288 0
217 220 58
218 221 38
218 222 0
221 228 41
224 225 71
224 240 0
224 250 0
224 257 0
225 226 34
225 227 0
225 227 0
225 228 0
225 229 0
225 230 0
225 230 0
225 231 0
225 232 0
226 227 15
226 228 0
226 232 0
227 272 80
227 288 0
228 232 16
229 232 93
231 287 34
233 234 59
234 235 35
234 236 0
234 237 0
234 238 0
234 239 0
234 240 0
234 241 0
234 284 0
235 237 94
235 241 0
235 257 0
236 237 59
236 239 0
239 251 85
241 261 24
241 280 0
242 243 84
242 266 0
243 244 11
243 245 0
243 246 0
243 247 0
243 247 0
243 248 0
243 249 0
243 250 0
244 246 52
244 247 0
244 248 0
244 249 0
245 248 14
245 249 0
245 251 0
246 249 31
247 249 75
250 256 71
251 252 92
251 254 0
252 253 16
252 254 0
252 254 0
252 255 0
252 255 0
252 256 0
252 256 0
252 257 0
252 257 0
252 258 0
252 258 0
252 259 0
253 254 82
253 255 0
253 257 0
253 258 0
254 255 30
255 257 70
255 258 0
257 258 67
260 261 48
261 262 64
261 263 0
261 264 0
261 264 0
261 265 0
261 266 0
261 267 0
261 268 0
262 264 31
262 265 0
262 268 0
264 265 71
264 267 0
265 267 77
265 285 0
269 270 14
