271 459
0 1 66
0 2 0
0 2 0
0 3 0
0 4 0
0 5 0
0 6 0
0 74 0
0 162 0
1 5 57
2 153 72
3 5 10
3 235 0
5 6 74
6 162 38
7 8 71
8 9 42
8 10 0
8 10 0
8 11 0
8 12 0
8 12 0
8 13 0
8 13 0
8 14 0
8 14 0
8 139 0
9 13 28
10 12 72
10 27 0
10 65 0
11 90 23
13 263 65
14 24 58
14 117 0
14 173 0
15 16 43
16 17 68
16 18 0
16 19 0
16 20 0
16 21 0
16 21 0
16 22 0
16 32 0
16 39 0
17 18 47
17 19 0
17 95 0
18 19 26
18 68 0
18 78 0
19 22 48
20 99 99
21 22 40
21 51 0
22 107 62
23 24 54
23 161 0
24 25 83
24 26 0
24 27 0
24 28 0
24 29 0
24 30 0
24 195 0
25 27 83
25 91 0
28 151 68
28 173 0
29 168 73
31 32 76
32 33 14
32 34 0
32 35 0
32 36 0
32 37 0
32 38 0
33 34 22
34 35 99
34 176 0
35 36 34
36 79 66
36 131 0
37 38 23
39 40 32
40 41 33
40 42 0
40 43 0
40 44 0
40 44 0
40 45 0
40 45 0
40 46 0
42 63 53
43 68 22
44 185 57
45 159 83
47 48 44
48 49 99
48 50 0
48 50 0
48 51 0
48 52 0
48 53 0
48 54 0
48 54 0
48 56 0
49 50 64
49 82 0
49 131 0
50 110 41
50 213 0
50 228 0
50 253 0
50 260 0
52 53 81
52 79 0
52 89 0
52 114 0
53 92 98
54 82 45
54 157 0
55 56 15
55 115 0
55 200 0
56 57 39
56 58 0
56 59 0
56 60 0
56 61 0
56 62 0
56 62 0
58 62 78
58 71 0
59 62 63
60 61 56
60 80 0
60 203 0
61 62 97
61 270 0
63 64 98
64 65 44
64 66 0
64 67 0
64 68 0
64 69 0
64 70 0
64 264 0
65 91 77
66 158 82
67 68 47
67 136 0
67 180 0
71 72 84
71 131 0
72 73 48
72 74 0
72 74 0
72 75 0
72 76 0
72 77 0
72 78 0
73 77 51
73 140 0
76 135 37
77 78 28
78 263 84
79 80 69
79 93 0
79 202 0
80 81 35
80 81 0
80 82 0
80 83 0
80 83 0
80 84 0
80 85 0
80 86 0
80 161 0
81 82 54
81 226 0
82 200 54
83 84 16
83 85 0
83 86 0
83 232 0
83 254 0
84 105 42
85 182 93
87 88 16
87 152 0
88 89 45
88 90 0
88 91 0
88 92 0
88 92 0
88 93 0
88 94 0
88 193 0
89 92 81
89 94 0
91 92 88
92 94 69
94 96 23
95 96 58
96 97 78
96 98 0
96 98 0
96 99 0
96 99 0
96 100 0
96 101 0
96 102 0
96 269 0
97 100 82
98 100 82
98 102 0
98 157 0
98 172 0
102 260 27
103 104 53
104 105 58
104 106 0
104 107 0
104 108 0
104 109 0
104 110 0
105 110 57
106 107 42
108 146 100
109 110 68
109 127 0
110 132 43
110 208 0
111 112 47
111 237 0
112 113 92
112 114 0
112 115 0
112 116 0
112 117 0
112 118 0
112 122 0
113 115 98
114 118 91
116 207 51
117 189 48
119 120 74
119 145 0
120 121 41
120 122 0
120 123 0
120 124 0
120 125 0
120 126 0
121 124 61
121 125 0
122 123 74
122 242 0
123 124 81
124 125 31
124 126 0
126 180 71
126 228 0
127 128 57
128 129 43
128 130 0
128 131 0
128 131 0
128 132 0
128 133 0
128 134 0
128 134 0
130 159 11
131 132 18
131 133 0
132 134 49
133 134 40
134 209 98
135 136 41
135 160 0
136 137 42
136 137 0
136 138 0
136 139 0
136 140 0
136 141 0
136 142 0
137 141 65
137 185 0
139 141 48
139 162 0
140 144 16
142 186 97
142 203 0
143 144 52
144 145 82
144 146 0
144 147 0
144 148 0
144 148 0
144 149 0
144 150 0
146 148 25
148 149 73
151 152 63
152 153 34
152 153 0
152 154 0
152 155 0
152 156 0
152 156 0
152 157 0
152 158 0
152 237 0
153 155 45
153 158 0
155 156 31
155 157 0
155 238 0
156 158 47
156 268 0
157 247 43
159 160 53
160 161 58
160 162 0
160 163 0
160 164 0
160 164 0
160 165 0
160 165 0
160 166 0
160 194 0
160 200 0
161 163 82
162 165 39
166 209 49
167 168 52
168 169 50
168 170 0
168 171 0
168 172 0
168 173 0
168 174 0
175 176 62
175 235 0
176 177 91
176 178 0
176 178 0
176 179 0
176 180 0
176 181 0
176 182 0
176 182 0
179 180 52
183 184 61
184 185 85
184 186 0
184 187 0
184 188 0
184 189 0
184 190 0
186 189 63
188 248 88
189 190 62
191 192 58
192 193 71
192 194 0
192 195 0
192 196 0
192 196 0
192 197 0
192 198 0
194 197 95
195 197 94
197 198 57
199 200 95
199 202 0
200 201 20
200 202 0
200 203 0
200 203 0
200 204 0
200 204 0
200 205 0
200 206 0
201 203 58
202 203 90
202 204 0
202 205 0
204 238 91
207 208 89
208 209 68
208 210 0
208 211 0
208 212 0
208 212 0
208 213 0
208 214 0
208 214 0
210 211 43
210 233 0
211 259 84
215 216 62
216 217 61
216 218 0
216 219 0
216 219 0
216 220 0
216 221 0
216 221 0
216 222 0
216 222 0
217 221 53
218 245 66
221 263 49
223 224 31
224 225 23
224 226 0
224 227 0
224 228 0
224 229 0
224 230 0
225 229 44
227 229 47
229 230 39
231 232 48
231 254 0
232 233 59
232 234 0
232 235 0
232 236 0
232 236 0
232 237 0
232 238 0
235 244 60
236 238 65
239 240 50
239 246 0
240 241 100
240 242 0
240 242 0
240 243 0
240 244 0
240 245 0
240 246 0
241 243 59
243 244 66
244 246 47
247 248 90
248 249 80
248 249 0
248 250 0
248 251 0
248 252 0
248 253 0
248 254 0
255 256 50
