78 102
0 1 89
2 0 62
2 5 0
3 2 22
4 2 99
5 6 44
7 8 64
7 6 0
9 10 96
10 11 46
11 4 70
12 25 30
12 27 0
12 34 0
13 4 48
13 77 0
14 15 52
15 13 72
16 17 89
17 12 34
18 17 12
19 18 32
20 21 32
21 18 39
23 20 78
24 21 84
25 26 100
27 29 40
28 27 77
28 33 0
29 39 20
29 42 0
30 29 49
30 33 0
30 34 0
31 28 52
31 32 0
34 32 57
35 30 16
36 35 35
37 35 74
38 37 61
38 39 0
39 40 38
41 37 77
43 41 16
43 40 0
44 36 94
44 45 0
46 40 46
46 45 0
46 32 0
46 26 0
46 54 0
47 48 29
47 40 0
47 45 0
47 32 0
48 65 73
49 50 47
50 51 42
51 52 75
51 40 0
51 45 0
51 32 0
51 26 0
53 52 16
54 53 22
55 54 39
56 57 45
56 58 0
57 60 39
59 58 19
60 62 78
61 60 46
62 46 30
62 47 0
63 46 28
63 68 0
63 40 0
63 45 0
63 32 0
63 26 0
64 48 22
66 67 65
69 68 52
70 71 63
71 72 79
72 47 17
72 73 0
72 40 0
72 45 0
72 32 0
72 26 0
74 73 90
75 38 67
76 38 77
59 61 0
39 40 0
77 40 60
22 54 79
28 40 0
