78 102
0 1 51
2 0 84
2 5 0
3 2 15
4 2 21
4 12 0
5 6 61
7 8 14
9 10 97
10 11 88
11 4 88
12 25 76
12 27 0
12 34 0
13 4 67
13 77 0
14 15 24
15 13 11
16 17 77
17 12 53
18 17 14
19 18 27
20 21 53
22 20 15
23 20 54
24 21 71
25 26 89
27 29 99
28 33 29
29 42 14
30 29 10
30 33 0
30 34 0
31 28 51
31 32 0
34 32 81
35 30 20
36 35 76
37 35 23
38 37 62
38 39 0
39 40 81
41 37 95
43 41 49
43 40 0
44 36 78
44 45 0
46 40 11
46 45 0
46 32 0
46 26 0
46 54 0
47 48 64
47 40 0
47 45 0
47 32 0
47 26 0
48 65 48
49 50 82
50 51 69
51 52 36
51 40 0
51 45 0
51 32 0
51 26 0
53 52 12
54 53 41
55 54 32
56 57 47
56 58 0
57 60 24
59 58 32
60 62 84
61 60 39
62 46 35
62 47 0
63 46 74
63 68 0
63 40 0
63 45 0
63 32 0
63 26 0
64 48 66
65 53 82
66 67 21
67 63 59
69 68 84
70 71 43
71 72 81
72 47 19
72 73 0
72 40 0
72 45 0
72 32 0
72 26 0
74 73 92
75 38 24
76 38 77
24 64 0
15 37 0
60 0 0
66 77 0
