78 102
0 1 74
2 0 23
2 5 0
3 2 54
4 12 80
5 6 30
7 8 51
7 6 0
10 11 76
11 4 44
12 25 97
12 27 0
12 34 0
13 4 21
13 77 0
14 15 52
15 13 83
16 17 96
17 12 99
18 17 31
19 18 55
20 21 54
21 18 78
22 20 71
23 20 10
24 21 49
25 26 68
27 29 14
28 27 75
28 33 0
29 39 14
29 42 0
30 29 19
30 33 0
30 34 0
31 28 72
34 32 37
35 30 71
36 35 28
37 35 38
38 37 13
38 39 0
39 40 36
41 37 81
43 41 22
43 40 0
44 36 89
46 45 36
46 32 0
46 26 0
46 54 0
47 48 97
47 40 0
47 45 0
47 32 0
47 26 0
48 65 49
49 50 20
50 51 98
51 52 86
51 40 0
51 45 0
51 32 0
51 26 0
53 52 98
54 53 39
55 54 60
56 57 73
56 58 0
57 60 26
59 58 75
60 62 49
61 60 11
62 46 61
62 47 0
63 46 25
63 68 0
63 40 0
63 45 0
63 32 0
63 26 0
64 48 61
65 53 55
66 67 17
67 63 19
69 68 27
70 71 56
71 72 86
72 47 74
72 73 0
72 40 0
72 45 0
72 32 0
72 26 0
74 73 63
75 38 94
76 38 68
43 75 0
69 4 0
13 33 0
41 53 0
51 60 0
