78 102
0 1 35
2 0 46
2 5 0
3 2 60
4 2 24
4 12 0
5 6 91
7 8 52
7 6 0
9 10 13
10 11 53
11 4 18
12 25 25
12 27 0
12 34 0
13 4 88
13 77 0
14 15 53
15 13 99
16 17 93
17 12 18
18 17 34
19 18 41
20 21 50
21 18 60
22 20 20
23 20 88
24 21 97
25 26 99
27 29 35
28 27 49
29 39 84
29 42 0
30 29 50
30 33 0
30 34 0
31 28 53
31 32 0
34 32 80
35 30 88
37 35 46
38 37 97
38 39 0
39 40 95
41 37 88
43 41 81
43 40 0
44 36 86
44 45 0
46 40 42
46 45 0
46 32 0
46 26 0
46 54 0
47 48 41
47 40 0
47 45 0
47 32 0
47 26 0
48 65 93
49 50 74
50 51 29
51 52 94
51 40 0
51 45 0
51 32 0
51 26 0
53 52 42
54 53 90
55 54 16
56 57 85
56 58 0
57 60 34
59 58 59
60 62 39
61 60 71
62 46 21
63 46 71
63 68 0
63 40 0
63 45 0
63 32 0
63 26 0
64 48 51
65 53 58
66 67 31
67 63 57
69 68 38
70 71 86
71 72 13
72 47 93
72 73 0
72 40 0
72 45 0
72 32 0
72 26 0
75 38 52
3 20 0
20 46 0
75 6 0
57 63 0
51 12 0
