78 102
0 1 81
2 0 88
2 5 0
3 2 37
4 2 34
4 12 0
5 6 24
7 8 10
7 6 0
9 10 38
10 11 87
11 4 33
12 25 82
12 27 0
12 34 0
13 4 15
13 77 0
14 15 61
15 13 29
16 17 74
17 12 28
18 17 66
19 18 93
20 21 66
21 18 69
22 20 51
23 20 75
24 21 81
25 26 78
27 29 88
28 27 71
28 33 0
29 39 35
29 42 0
30 29 71
30 33 0
30 34 0
31 28 17
31 32 0
34 32 50
37 35 47
38 37 30
38 39 0
39 40 97
41 37 76
43 41 98
43 40 0
44 36 74
44 45 0
46 40 95
46 45 0
46 32 0
46 26 0
46 54 0
47 48 32
47 40 0
47 45 0
47 32 0
47 26 0
48 65 71
49 50 86
50 51 37
51 52 68
51 40 0
51 45 0
51 32 0
53 52 62
55 54 48
56 57 88
56 58 0
57 60 38
59 58 100
60 62 44
61 60 67
62 46 85
62 47 0
63 46 35
63 68 0
63 40 0
63 45 0
63 32 0
64 48 19
65 53 12
66 67 17
67 63 85
69 68 45
70 71 96
71 72 82
72 47 79
72 73 0
72 40 0
72 45 0
72 32 0
72 26 0
74 73 35
75 38 40
76 38 68
15 50 0
76 57 0
50 53 0
58 71 48
61 64 0
