78 102
0 1 70
2 0 34
2 5 0
3 2 84
4 2 52
4 12 0
5 6 48
7 8 87
7 6 0
10 11 44
11 4 67
12 34 48
13 4 29
13 77 0
14 15 60
15 13 27
16 17 21
17 12 22
18 17 83
19 18 43
20 21 71
21 18 30
22 20 33
23 20 76
24 21 34
25 26 57
27 29 24
28 27 40
28 33 0
29 39 77
29 42 0
30 29 34
30 33 0
30 34 0
31 28 32
31 32 0
34 32 63
35 30 11
36 35 84
37 35 67
38 37 82
38 39 0
39 40 89
43 41 46
43 40 0
44 36 60
44 45 0
46 40 37
46 45 0
46 32 0
46 26 0
46 54 0
47 48 88
47 40 0
47 45 0
47 32 0
47 26 0
48 65 96
49 50 59
50 51 14
51 52 91
51 40 0
51 45 0
51 32 0
51 26 0
53 52 24
54 53 74
55 54 49
56 57 96
56 58 0
57 60 51
59 58 42
60 62 83
61 60 96
62 46 46
62 47 0
63 46 30
63 68 0
63 40 0
63 45 0
63 32 0
63 26 0
64 48 71
65 53 48
66 67 82
67 63 16
69 68 99
70 71 11
71 72 100
72 47 71
72 73 0
72 40 0
72 45 0
72 32 0
72 26 0
75 38 50
76 38 92
73 6 41
69 34 0
20 36 0
35 26 0
49 76 0
