78 102
0 1 75
2 0 17
2 5 0
3 2 17
4 2 39
4 12 0
5 6 49
7 8 76
7 6 0
9 10 15
11 4 28
12 25 47
12 27 0
12 34 0
13 4 49
13 77 0
14 15 46
15 13 19
16 17 47
17 12 46
18 17 46
19 18 25
21 18 92
22 20 18
23 20 23
24 21 97
25 26 66
27 29 86
28 27 28
28 33 0
29 39 12
29 42 0
30 29 30
30 33 0
30 34 0
31 28 32
31 32 0
34 32 11
36 35 26
37 35 14
38 37 56
38 39 0
39 40 56
41 37 99
43 41 98
43 40 0
44 36 50
44 45 0
46 40 41
46 45 0
46 32 0
46 26 0
46 54 0
47 48 87
47 40 0
47 45 0
47 32 0
47 26 0
48 65 35
51 52 78
51 40 0
51 45 0
51 32 0
51 26 0
53 52 64
54 53 72
55 54 81
56 57 14
56 58 0
57 60 41
59 58 59
60 62 78
61 60 60
62 46 21
62 47 0
63 46 44
63 68 0
63 40 0
63 45 0
63 32 0
63 26 0
64 48 36
65 53 57
66 67 53
67 63 18
69 68 87
70 71 87
71 72 48
72 47 65
72 73 0
72 40 0
72 45 0
72 32 0
72 26 0
74 73 14
75 38 15
76 38 13
43 12 0
16 23 0
57 48 0
17 39 0
3 57 0
