78 102
0 1 78
2 0 64
2 5 0
3 2 45
4 2 97
4 12 0
5 6 46
7 8 77
7 6 0
9 10 100
10 11 73
11 4 43
12 25 51
12 27 0
12 34 0
13 4 60
13 77 0
14 15 98
15 13 33
16 17 74
17 12 99
18 17 34
19 18 18
20 21 68
21 18 18
22 20 18
23 20 51
24 21 91
25 26 75
27 29 22
28 27 37
28 33 0
29 39 35
30 29 87
30 33 0
30 34 0
31 28 15
31 32 0
34 32 81
35 30 83
37 35 43
38 37 57
38 39 0
39 40 93
41 37 51
43 41 53
44 36 16
44 45 0
46 40 73
46 45 0
46 32 0
46 26 0
46 54 0
47 48 97
47 45 0
47 32 0
47 26 0
48 65 16
49 50 89
50 51 18
51 52 74
51 40 0
51 45 0
51 32 0
51 26 0
53 52 42
54 53 24
55 54 13
56 57 10
56 58 0
57 60 10
59 58 39
60 62 44
61 60 67
62 46 92
62 47 0
63 46 81
63 68 0
63 40 0
63 45 0
63 32 0
63 26 0
64 48 34
65 53 68
66 67 74
67 63 25
69 68 59
70 71 33
71 72 13
72 47 59
72 73 0
72 40 0
72 45 0
72 32 0
72 26 0
74 73 35
76 38 74
16 30 0
44 57 0
28 25 0
43 76 0
16 31 0
