78 102
0 1 34
2 0 30
4 2 86
4 12 0
5 6 89
7 8 45
7 6 0
9 10 56
10 11 46
11 4 94
12 25 15
12 27 0
12 34 0
13 4 74
13 77 0
14 15 85
15 13 16
16 17 50
17 12 61
18 17 49
19 18 85
20 21 36
21 18 16
22 20 49
23 20 60
24 21 28
25 26 74
27 29 84
28 27 11
28 33 0
29 39 22
29 42 0
30 29 69
30 33 0
30 34 0
31 28 13
31 32 0
34 32 92
35 30 23
36 35 99
37 35 15
38 37 85
38 39 0
39 40 63
41 37 70
43 41 90
43 40 0
44 36 70
44 45 0
46 40 26
46 45 0
46 32 0
46 26 0
46 54 0
47 48 92
47 40 0
47 45 0
47 32 0
47 26 0
48 65 69
49 50 51
50 51 71
51 52 51
51 40 0
51 45 0
51 32 0
51 26 0
53 52 14
54 53 26
55 54 80
56 57 48
57 60 93
59 58 57
61 60 76
62 46 22
62 47 0
63 46 61
63 68 0
63 40 0
63 45 0
63 32 0
63 26 0
64 48 26
65 53 50
66 67 18
67 63 40
69 68 96
70 71 94
71 72 77
72 47 31
72 73 0
72 45 0
72 32 0
72 26 0
74 73 28
75 38 24
76 38 66
41 1 0
77 29 62
13 26 0
15 50 0
61 52 0
