78 102
0 1 28
2 0 71
2 5 0
3 2 28
4 2 48
4 12 0
7 8 83
7 6 0
9 10 68
10 11 68
11 4 98
12 25 66
12 27 0
12 34 0
13 4 60
13 77 0
14 15 45
15 13 92
17 12 61
18 17 33
19 18 18
20 21 12
21 18 65
22 20 73
23 20 66
24 21 68
25 26 38
27 29 100
28 27 52
28 33 0
29 39 17
29 42 0
30 29 93
30 33 0
30 34 0
31 28 77
31 32 0
34 32 33
35 30 44
36 35 75
37 35 51
38 39 47
39 40 12
41 37 32
43 41 74
43 40 0
44 36 55
44 45 0
46 40 72
46 45 0
46 32 0
46 26 0
46 54 0
47 48 17
47 40 0
47 45 0
47 32 0
48 65 22
49 50 72
50 51 44
51 52 34
51 40 0
51 45 0
51 32 0
51 26 0
53 52 30
54 53 13
55 54 33
56 57 70
56 58 0
57 60 70
59 58 88
60 62 50
61 60 55
62 46 64
62 47 0
63 46 31
63 68 0
63 40 0
63 45 0
63 32 0
63 26 0
64 48 53
65 53 50
66 67 33
67 63 94
69 68 84
70 71 83
71 72 77
72 47 84
72 73 0
72 40 0
72 45 0
72 32 0
72 26 0
74 73 61
75 38 26
76 38 48
55 30 0
19 15 0
55 51 0
55 51 0
